,Agr,Algoritmo,Particion
0,0.6702951643290769,convergence,1
1,0.7237806154490266,convergence,1
2,0.7955306677831275,convergence,1
3,0.7973100272137326,convergence,1
4,0.7973100272137326,convergence,1
5,0.7973100272137326,convergence,1
6,0.7990893866443375,convergence,1
7,0.7990893866443375,convergence,1
8,0.8191333472890936,convergence,1
9,0.8267217919196148,convergence,1
10,0.843207033703161,convergence,1
11,0.843207033703161,convergence,1
12,0.8485451119949758,convergence,1
13,0.8485451119949758,convergence,1
14,0.8525748377642872,convergence,1
