,Agr,Algoritmo,Particion
0,0.7272058823529413,convergence,0
1,0.7842436974789916,convergence,0
2,0.7842436974789916,convergence,0
3,0.7953781512605043,convergence,0
4,0.7953781512605043,convergence,0
5,0.7953781512605043,convergence,0
6,0.7971638655462185,convergence,0
7,0.801155462184874,convergence,0
8,0.8122899159663866,convergence,0
9,0.8122899159663866,convergence,0
10,0.8122899159663866,convergence,0
11,0.8122899159663866,convergence,0
12,0.8466386554621849,convergence,0
13,0.8653361344537815,convergence,0
14,0.8853991596638655,convergence,0
