,Agr,Algoritmo,Particion
0,0.6253401716558509,convergence,4
1,0.7995603935524388,convergence,4
2,0.8312225245970274,convergence,4
3,0.8312225245970274,convergence,4
4,0.8312225245970274,convergence,4
5,0.8312225245970274,convergence,4
6,0.8312225245970274,convergence,4
7,0.8312225245970274,convergence,4
8,0.8312225245970274,convergence,4
9,0.8347812434582373,convergence,4
10,0.8588549298723047,convergence,4
11,0.8624136487335148,convergence,4
12,0.8624136487335148,convergence,4
13,0.8819866024701695,convergence,4
14,0.8819866024701695,convergence,4
