,Agr,Algoritmo,Particion
0,0.6159723675947247,convergence,3
1,0.6230898053171446,convergence,3
2,0.683221687251413,convergence,3
3,0.7496336612936989,convergence,3
4,0.7696776219384551,convergence,3
5,0.7973100272137326,convergence,3
6,0.7973100272137326,convergence,3
7,0.7973100272137326,convergence,3
8,0.7973100272137326,convergence,3
9,0.7990893866443375,convergence,3
10,0.7990893866443375,convergence,3
11,0.8120159095666737,convergence,3
12,0.8120159095666737,convergence,3
13,0.8120159095666737,convergence,3
14,0.8191333472890936,convergence,3
