,Agr,Algoritmo,Particion
0,0.5386554621848739,convergence,0
1,0.5386554621848739,convergence,0
2,0.5386554621848739,convergence,0
3,0.5404411764705882,convergence,0
4,0.5404411764705882,convergence,0
5,0.5404411764705882,convergence,0
6,0.5422268907563025,convergence,0
7,0.5422268907563025,convergence,0
8,0.5533613445378152,convergence,0
9,0.5551470588235294,convergence,0
10,0.5551470588235294,convergence,0
11,0.558718487394958,convergence,0
12,0.558718487394958,convergence,0
13,0.558718487394958,convergence,0
14,0.5605042016806723,convergence,0
15,0.5605042016806723,convergence,0
16,0.5605042016806723,convergence,0
17,0.5716386554621848,convergence,0
18,0.5716386554621848,convergence,0
19,0.5716386554621848,convergence,0
20,0.5716386554621848,convergence,0
21,0.5716386554621848,convergence,0
22,0.5716386554621848,convergence,0
23,0.5716386554621848,convergence,0
24,0.5716386554621848,convergence,0
25,0.5716386554621848,convergence,0
26,0.5863445378151261,convergence,0
27,0.5863445378151261,convergence,0
28,0.5863445378151261,convergence,0
29,0.5863445378151261,convergence,0
30,0.5863445378151261,convergence,0
31,0.5863445378151261,convergence,0
32,0.5863445378151261,convergence,0
33,0.5863445378151261,convergence,0
34,0.5863445378151261,convergence,0
35,0.5863445378151261,convergence,0
36,0.5863445378151261,convergence,0
37,0.5863445378151261,convergence,0
38,0.5863445378151261,convergence,0
39,0.5863445378151261,convergence,0
40,0.5863445378151261,convergence,0
41,0.5863445378151261,convergence,0
42,0.5863445378151261,convergence,0
43,0.5863445378151261,convergence,0
44,0.5863445378151261,convergence,0
45,0.5863445378151261,convergence,0
46,0.5863445378151261,convergence,0
47,0.5863445378151261,convergence,0
48,0.5863445378151261,convergence,0
49,0.5863445378151261,convergence,0
50,0.5974789915966386,convergence,0
51,0.5974789915966386,convergence,0
52,0.5992647058823529,convergence,0
53,0.5992647058823529,convergence,0
54,0.5992647058823529,convergence,0
55,0.6028361344537815,convergence,0
56,0.6028361344537815,convergence,0
57,0.6028361344537815,convergence,0
58,0.6028361344537815,convergence,0
59,0.6028361344537815,convergence,0
60,0.6028361344537815,convergence,0
61,0.6028361344537815,convergence,0
62,0.6028361344537815,convergence,0
63,0.6028361344537815,convergence,0
64,0.6028361344537815,convergence,0
65,0.6028361344537815,convergence,0
66,0.6028361344537815,convergence,0
67,0.6028361344537815,convergence,0
68,0.6028361344537815,convergence,0
69,0.6028361344537815,convergence,0
70,0.6028361344537815,convergence,0
71,0.6028361344537815,convergence,0
72,0.6028361344537815,convergence,0
73,0.6028361344537815,convergence,0
74,0.6028361344537815,convergence,0
75,0.6028361344537815,convergence,0
76,0.6028361344537815,convergence,0
77,0.6139705882352942,convergence,0
78,0.6139705882352942,convergence,0
79,0.6215336134453782,convergence,0
80,0.6215336134453782,convergence,0
81,0.6215336134453782,convergence,0
82,0.6215336134453782,convergence,0
83,0.6215336134453782,convergence,0
84,0.6215336134453782,convergence,0
85,0.6215336134453782,convergence,0
86,0.6215336134453782,convergence,0
87,0.6215336134453782,convergence,0
88,0.6215336134453782,convergence,0
89,0.6215336134453782,convergence,0
90,0.6215336134453782,convergence,0
91,0.6215336134453782,convergence,0
92,0.6215336134453782,convergence,0
93,0.6215336134453782,convergence,0
94,0.6215336134453782,convergence,0
95,0.6215336134453782,convergence,0
96,0.6215336134453782,convergence,0
97,0.6215336134453782,convergence,0
98,0.6215336134453782,convergence,0
99,0.6215336134453782,convergence,0
100,0.6215336134453782,convergence,0
101,0.6215336134453782,convergence,0
102,0.6215336134453782,convergence,0
103,0.6215336134453782,convergence,0
104,0.6215336134453782,convergence,0
105,0.6215336134453782,convergence,0
106,0.6215336134453782,convergence,0
107,0.6215336134453782,convergence,0
108,0.6215336134453782,convergence,0
109,0.6215336134453782,convergence,0
110,0.6215336134453782,convergence,0
111,0.6215336134453782,convergence,0
112,0.6215336134453782,convergence,0
113,0.6215336134453782,convergence,0
114,0.6215336134453782,convergence,0
115,0.6215336134453782,convergence,0
116,0.6215336134453782,convergence,0
117,0.6215336134453782,convergence,0
118,0.6215336134453782,convergence,0
119,0.6215336134453782,convergence,0
120,0.6215336134453782,convergence,0
121,0.6215336134453782,convergence,0
122,0.6215336134453782,convergence,0
123,0.6215336134453782,convergence,0
124,0.6215336134453782,convergence,0
125,0.6215336134453782,convergence,0
126,0.6215336134453782,convergence,0
127,0.6215336134453782,convergence,0
128,0.6215336134453782,convergence,0
129,0.6215336134453782,convergence,0
130,0.6215336134453782,convergence,0
131,0.6362394957983193,convergence,0
132,0.6527310924369748,convergence,0
133,0.6527310924369748,convergence,0
134,0.6527310924369748,convergence,0
135,0.6527310924369748,convergence,0
136,0.6527310924369748,convergence,0
137,0.6527310924369748,convergence,0
138,0.6527310924369748,convergence,0
139,0.6527310924369748,convergence,0
140,0.6527310924369748,convergence,0
141,0.6527310924369748,convergence,0
142,0.6527310924369748,convergence,0
143,0.6527310924369748,convergence,0
144,0.6527310924369748,convergence,0
145,0.6580882352941176,convergence,0
146,0.6580882352941176,convergence,0
147,0.6580882352941176,convergence,0
148,0.6580882352941176,convergence,0
149,0.6580882352941176,convergence,0
150,0.6580882352941176,convergence,0
151,0.6580882352941176,convergence,0
152,0.6580882352941176,convergence,0
153,0.6580882352941176,convergence,0
154,0.6580882352941176,convergence,0
155,0.6580882352941176,convergence,0
156,0.6580882352941176,convergence,0
157,0.6580882352941176,convergence,0
158,0.6580882352941176,convergence,0
159,0.6634453781512605,convergence,0
160,0.6634453781512605,convergence,0
161,0.6634453781512605,convergence,0
162,0.6634453781512605,convergence,0
163,0.6634453781512605,convergence,0
164,0.6634453781512605,convergence,0
165,0.6634453781512605,convergence,0
166,0.6634453781512605,convergence,0
167,0.6670168067226891,convergence,0
168,0.6670168067226891,convergence,0
169,0.6670168067226891,convergence,0
170,0.6670168067226891,convergence,0
171,0.6670168067226891,convergence,0
172,0.6670168067226891,convergence,0
173,0.6670168067226891,convergence,0
174,0.6670168067226891,convergence,0
175,0.6670168067226891,convergence,0
176,0.6670168067226891,convergence,0
177,0.6670168067226891,convergence,0
178,0.6670168067226891,convergence,0
179,0.6670168067226891,convergence,0
180,0.6688025210084034,convergence,0
181,0.679936974789916,convergence,0
182,0.679936974789916,convergence,0
183,0.679936974789916,convergence,0
184,0.679936974789916,convergence,0
185,0.679936974789916,convergence,0
186,0.679936974789916,convergence,0
187,0.6906512605042017,convergence,0
188,0.6906512605042017,convergence,0
189,0.7053571428571428,convergence,0
190,0.7053571428571428,convergence,0
191,0.7053571428571428,convergence,0
192,0.7053571428571428,convergence,0
193,0.7089285714285714,convergence,0
194,0.7089285714285714,convergence,0
195,0.7089285714285714,convergence,0
196,0.7089285714285714,convergence,0
197,0.7089285714285714,convergence,0
198,0.7089285714285714,convergence,0
199,0.7089285714285714,convergence,0
200,0.7089285714285714,convergence,0
201,0.7089285714285714,convergence,0
202,0.7089285714285714,convergence,0
203,0.7089285714285714,convergence,0
204,0.7089285714285714,convergence,0
205,0.7089285714285714,convergence,0
206,0.7089285714285714,convergence,0
207,0.7089285714285714,convergence,0
208,0.7089285714285714,convergence,0
209,0.7089285714285714,convergence,0
210,0.7129201680672269,convergence,0
211,0.732983193277311,convergence,0
212,0.732983193277311,convergence,0
213,0.732983193277311,convergence,0
214,0.732983193277311,convergence,0
215,0.732983193277311,convergence,0
216,0.732983193277311,convergence,0
217,0.732983193277311,convergence,0
218,0.732983193277311,convergence,0
219,0.732983193277311,convergence,0
220,0.732983193277311,convergence,0
221,0.732983193277311,convergence,0
222,0.732983193277311,convergence,0
223,0.732983193277311,convergence,0
224,0.732983193277311,convergence,0
225,0.732983193277311,convergence,0
226,0.732983193277311,convergence,0
227,0.732983193277311,convergence,0
228,0.732983193277311,convergence,0
229,0.732983193277311,convergence,0
230,0.732983193277311,convergence,0
231,0.732983193277311,convergence,0
232,0.732983193277311,convergence,0
233,0.732983193277311,convergence,0
234,0.732983193277311,convergence,0
235,0.732983193277311,convergence,0
236,0.732983193277311,convergence,0
237,0.732983193277311,convergence,0
238,0.732983193277311,convergence,0
239,0.732983193277311,convergence,0
240,0.732983193277311,convergence,0
241,0.732983193277311,convergence,0
242,0.732983193277311,convergence,0
243,0.732983193277311,convergence,0
244,0.732983193277311,convergence,0
245,0.732983193277311,convergence,0
246,0.732983193277311,convergence,0
247,0.732983193277311,convergence,0
248,0.732983193277311,convergence,0
249,0.732983193277311,convergence,0
250,0.732983193277311,convergence,0
251,0.732983193277311,convergence,0
252,0.7459033613445378,convergence,0
253,0.7459033613445378,convergence,0
254,0.7459033613445378,convergence,0
255,0.7459033613445378,convergence,0
256,0.7459033613445378,convergence,0
257,0.7459033613445378,convergence,0
258,0.7459033613445378,convergence,0
259,0.7459033613445378,convergence,0
260,0.7459033613445378,convergence,0
261,0.7459033613445378,convergence,0
262,0.7459033613445378,convergence,0
263,0.7459033613445378,convergence,0
264,0.7459033613445378,convergence,0
265,0.7459033613445378,convergence,0
266,0.7459033613445378,convergence,0
267,0.7459033613445378,convergence,0
268,0.7459033613445378,convergence,0
269,0.7459033613445378,convergence,0
270,0.7459033613445378,convergence,0
271,0.7459033613445378,convergence,0
272,0.7459033613445378,convergence,0
273,0.7459033613445378,convergence,0
274,0.7459033613445378,convergence,0
275,0.748109243697479,convergence,0
276,0.748109243697479,convergence,0
277,0.748109243697479,convergence,0
278,0.748109243697479,convergence,0
279,0.748109243697479,convergence,0
280,0.748109243697479,convergence,0
281,0.748109243697479,convergence,0
282,0.748109243697479,convergence,0
283,0.748109243697479,convergence,0
284,0.748109243697479,convergence,0
285,0.748109243697479,convergence,0
286,0.748109243697479,convergence,0
287,0.748109243697479,convergence,0
288,0.748109243697479,convergence,0
289,0.748109243697479,convergence,0
290,0.748109243697479,convergence,0
291,0.748109243697479,convergence,0
292,0.7534663865546218,convergence,0
293,0.7534663865546218,convergence,0
294,0.7552521008403361,convergence,0
295,0.7552521008403361,convergence,0
296,0.7552521008403361,convergence,0
297,0.7735294117647059,convergence,0
298,0.7735294117647059,convergence,0
299,0.7735294117647059,convergence,0
300,0.7735294117647059,convergence,0
301,0.7735294117647059,convergence,0
302,0.7735294117647059,convergence,0
303,0.7735294117647059,convergence,0
304,0.7735294117647059,convergence,0
305,0.7735294117647059,convergence,0
306,0.7735294117647059,convergence,0
307,0.7735294117647059,convergence,0
308,0.7735294117647059,convergence,0
309,0.7735294117647059,convergence,0
310,0.7735294117647059,convergence,0
311,0.7735294117647059,convergence,0
312,0.7788865546218487,convergence,0
313,0.7788865546218487,convergence,0
314,0.7788865546218487,convergence,0
315,0.7788865546218487,convergence,0
316,0.7788865546218487,convergence,0
317,0.7788865546218487,convergence,0
318,0.7788865546218487,convergence,0
319,0.7788865546218487,convergence,0
320,0.780672268907563,convergence,0
321,0.7842436974789916,convergence,0
322,0.7842436974789916,convergence,0
323,0.7842436974789916,convergence,0
324,0.786029411764706,convergence,0
325,0.786029411764706,convergence,0
326,0.786029411764706,convergence,0
327,0.786029411764706,convergence,0
328,0.786029411764706,convergence,0
329,0.786029411764706,convergence,0
330,0.786029411764706,convergence,0
331,0.786029411764706,convergence,0
332,0.786029411764706,convergence,0
333,0.786029411764706,convergence,0
334,0.786029411764706,convergence,0
335,0.786029411764706,convergence,0
336,0.786029411764706,convergence,0
337,0.7931722689075631,convergence,0
338,0.7931722689075631,convergence,0
339,0.7931722689075631,convergence,0
340,0.7931722689075631,convergence,0
341,0.7931722689075631,convergence,0
342,0.7931722689075631,convergence,0
343,0.7931722689075631,convergence,0
344,0.7931722689075631,convergence,0
345,0.7931722689075631,convergence,0
346,0.7931722689075631,convergence,0
347,0.7931722689075631,convergence,0
348,0.7931722689075631,convergence,0
349,0.7931722689075631,convergence,0
350,0.7931722689075631,convergence,0
351,0.7931722689075631,convergence,0
352,0.7931722689075631,convergence,0
353,0.7931722689075631,convergence,0
354,0.7931722689075631,convergence,0
355,0.7931722689075631,convergence,0
356,0.7931722689075631,convergence,0
357,0.7931722689075631,convergence,0
358,0.7931722689075631,convergence,0
359,0.7931722689075631,convergence,0
360,0.7931722689075631,convergence,0
361,0.7931722689075631,convergence,0
362,0.7931722689075631,convergence,0
363,0.7931722689075631,convergence,0
364,0.7931722689075631,convergence,0
365,0.7931722689075631,convergence,0
366,0.7931722689075631,convergence,0
367,0.7931722689075631,convergence,0
368,0.7931722689075631,convergence,0
369,0.7931722689075631,convergence,0
370,0.7931722689075631,convergence,0
371,0.7931722689075631,convergence,0
372,0.7931722689075631,convergence,0
373,0.7931722689075631,convergence,0
374,0.7931722689075631,convergence,0
375,0.7931722689075631,convergence,0
376,0.7931722689075631,convergence,0
377,0.7931722689075631,convergence,0
378,0.7931722689075631,convergence,0
379,0.7931722689075631,convergence,0
380,0.7931722689075631,convergence,0
381,0.7931722689075631,convergence,0
382,0.7931722689075631,convergence,0
383,0.79359243697479,convergence,0
384,0.79359243697479,convergence,0
385,0.79359243697479,convergence,0
386,0.79359243697479,convergence,0
387,0.79359243697479,convergence,0
388,0.79359243697479,convergence,0
389,0.79359243697479,convergence,0
390,0.79359243697479,convergence,0
391,0.79359243697479,convergence,0
392,0.79359243697479,convergence,0
393,0.79359243697479,convergence,0
394,0.79359243697479,convergence,0
395,0.79359243697479,convergence,0
396,0.79359243697479,convergence,0
397,0.79359243697479,convergence,0
398,0.79359243697479,convergence,0
399,0.8065126050420168,convergence,0
400,0.8082983193277311,convergence,0
401,0.8082983193277311,convergence,0
402,0.8082983193277311,convergence,0
403,0.8082983193277311,convergence,0
404,0.8082983193277311,convergence,0
405,0.8100840336134454,convergence,0
406,0.8100840336134454,convergence,0
407,0.8100840336134454,convergence,0
408,0.8100840336134454,convergence,0
409,0.8100840336134454,convergence,0
410,0.8247899159663865,convergence,0
411,0.8247899159663865,convergence,0
412,0.8247899159663865,convergence,0
413,0.8247899159663865,convergence,0
414,0.8247899159663865,convergence,0
415,0.8247899159663865,convergence,0
416,0.8247899159663865,convergence,0
417,0.8247899159663865,convergence,0
418,0.8247899159663865,convergence,0
419,0.8247899159663865,convergence,0
420,0.8247899159663865,convergence,0
421,0.8247899159663865,convergence,0
422,0.8247899159663865,convergence,0
423,0.8247899159663865,convergence,0
424,0.8247899159663865,convergence,0
425,0.8247899159663865,convergence,0
426,0.8247899159663865,convergence,0
427,0.8247899159663865,convergence,0
428,0.8247899159663865,convergence,0
429,0.8247899159663865,convergence,0
430,0.8247899159663865,convergence,0
431,0.8247899159663865,convergence,0
432,0.8247899159663865,convergence,0
433,0.8247899159663865,convergence,0
434,0.8341386554621848,convergence,0
435,0.8341386554621848,convergence,0
436,0.8341386554621848,convergence,0
437,0.8341386554621848,convergence,0
438,0.8341386554621848,convergence,0
439,0.8341386554621848,convergence,0
440,0.8341386554621848,convergence,0
441,0.8341386554621848,convergence,0
442,0.8341386554621848,convergence,0
443,0.8341386554621848,convergence,0
444,0.8341386554621848,convergence,0
445,0.8341386554621848,convergence,0
446,0.8341386554621848,convergence,0
447,0.8341386554621848,convergence,0
448,0.8377100840336134,convergence,0
449,0.8377100840336134,convergence,0
450,0.8377100840336134,convergence,0
451,0.8377100840336134,convergence,0
452,0.8377100840336134,convergence,0
453,0.8377100840336134,convergence,0
454,0.8470588235294118,convergence,0
455,0.8470588235294118,convergence,0
456,0.848844537815126,convergence,0
457,0.848844537815126,convergence,0
458,0.848844537815126,convergence,0
459,0.848844537815126,convergence,0
460,0.848844537815126,convergence,0
461,0.848844537815126,convergence,0
462,0.848844537815126,convergence,0
463,0.848844537815126,convergence,0
464,0.848844537815126,convergence,0
465,0.848844537815126,convergence,0
466,0.848844537815126,convergence,0
467,0.848844537815126,convergence,0
468,0.848844537815126,convergence,0
469,0.848844537815126,convergence,0
470,0.848844537815126,convergence,0
471,0.848844537815126,convergence,0
472,0.848844537815126,convergence,0
473,0.848844537815126,convergence,0
474,0.848844537815126,convergence,0
475,0.848844537815126,convergence,0
476,0.848844537815126,convergence,0
477,0.848844537815126,convergence,0
478,0.848844537815126,convergence,0
479,0.848844537815126,convergence,0
480,0.848844537815126,convergence,0
481,0.848844537815126,convergence,0
482,0.848844537815126,convergence,0
483,0.848844537815126,convergence,0
484,0.848844537815126,convergence,0
485,0.848844537815126,convergence,0
486,0.848844537815126,convergence,0
487,0.848844537815126,convergence,0
488,0.848844537815126,convergence,0
489,0.848844537815126,convergence,0
490,0.848844537815126,convergence,0
491,0.848844537815126,convergence,0
492,0.848844537815126,convergence,0
493,0.848844537815126,convergence,0
494,0.848844537815126,convergence,0
495,0.848844537815126,convergence,0
496,0.848844537815126,convergence,0
497,0.848844537815126,convergence,0
498,0.848844537815126,convergence,0
499,0.848844537815126,convergence,0
500,0.848844537815126,convergence,0
501,0.848844537815126,convergence,0
502,0.848844537815126,convergence,0
503,0.848844537815126,convergence,0
504,0.848844537815126,convergence,0
505,0.848844537815126,convergence,0
506,0.848844537815126,convergence,0
507,0.848844537815126,convergence,0
508,0.848844537815126,convergence,0
509,0.848844537815126,convergence,0
510,0.848844537815126,convergence,0
511,0.848844537815126,convergence,0
512,0.848844537815126,convergence,0
513,0.848844537815126,convergence,0
514,0.848844537815126,convergence,0
515,0.848844537815126,convergence,0
516,0.848844537815126,convergence,0
517,0.848844537815126,convergence,0
518,0.848844537815126,convergence,0
519,0.848844537815126,convergence,0
520,0.848844537815126,convergence,0
521,0.848844537815126,convergence,0
522,0.848844537815126,convergence,0
523,0.848844537815126,convergence,0
524,0.848844537815126,convergence,0
525,0.848844537815126,convergence,0
526,0.848844537815126,convergence,0
527,0.848844537815126,convergence,0
528,0.848844537815126,convergence,0
529,0.848844537815126,convergence,0
530,0.848844537815126,convergence,0
531,0.848844537815126,convergence,0
532,0.848844537815126,convergence,0
533,0.848844537815126,convergence,0
534,0.848844537815126,convergence,0
535,0.848844537815126,convergence,0
536,0.848844537815126,convergence,0
537,0.848844537815126,convergence,0
538,0.848844537815126,convergence,0
539,0.848844537815126,convergence,0
540,0.8506302521008403,convergence,0
541,0.8506302521008403,convergence,0
542,0.8506302521008403,convergence,0
543,0.8506302521008403,convergence,0
544,0.8506302521008403,convergence,0
545,0.8506302521008403,convergence,0
546,0.8506302521008403,convergence,0
547,0.8506302521008403,convergence,0
548,0.8506302521008403,convergence,0
549,0.8506302521008403,convergence,0
550,0.8506302521008403,convergence,0
551,0.8506302521008403,convergence,0
552,0.8506302521008403,convergence,0
553,0.8506302521008403,convergence,0
554,0.8506302521008403,convergence,0
555,0.8506302521008403,convergence,0
556,0.8506302521008403,convergence,0
557,0.8506302521008403,convergence,0
558,0.8506302521008403,convergence,0
559,0.8524159663865546,convergence,0
560,0.8524159663865546,convergence,0
561,0.8524159663865546,convergence,0
562,0.8524159663865546,convergence,0
563,0.8524159663865546,convergence,0
564,0.8524159663865546,convergence,0
565,0.8524159663865546,convergence,0
566,0.8524159663865546,convergence,0
567,0.8524159663865546,convergence,0
568,0.8559873949579831,convergence,0
569,0.8559873949579831,convergence,0
570,0.8559873949579831,convergence,0
571,0.8559873949579831,convergence,0
572,0.8559873949579831,convergence,0
573,0.8559873949579831,convergence,0
574,0.8559873949579831,convergence,0
575,0.8559873949579831,convergence,0
576,0.8559873949579831,convergence,0
577,0.8577731092436974,convergence,0
578,0.8577731092436974,convergence,0
579,0.8706932773109244,convergence,0
580,0.8706932773109244,convergence,0
581,0.8706932773109244,convergence,0
582,0.8706932773109244,convergence,0
583,0.8706932773109244,convergence,0
584,0.8706932773109244,convergence,0
585,0.8706932773109244,convergence,0
586,0.8706932773109244,convergence,0
587,0.8706932773109244,convergence,0
588,0.8706932773109244,convergence,0
589,0.8706932773109244,convergence,0
590,0.8706932773109244,convergence,0
591,0.8706932773109244,convergence,0
592,0.8706932773109244,convergence,0
593,0.8706932773109244,convergence,0
594,0.8706932773109244,convergence,0
595,0.8706932773109244,convergence,0
596,0.8706932773109244,convergence,0
597,0.8706932773109244,convergence,0
598,0.8706932773109244,convergence,0
599,0.8706932773109244,convergence,0
600,0.8706932773109244,convergence,0
601,0.8706932773109244,convergence,0
602,0.8706932773109244,convergence,0
603,0.8706932773109244,convergence,0
604,0.8706932773109244,convergence,0
605,0.8706932773109244,convergence,0
606,0.8706932773109244,convergence,0
607,0.8706932773109244,convergence,0
608,0.8706932773109244,convergence,0
609,0.8706932773109244,convergence,0
610,0.8706932773109244,convergence,0
611,0.8706932773109244,convergence,0
612,0.8706932773109244,convergence,0
613,0.8706932773109244,convergence,0
614,0.8706932773109244,convergence,0
615,0.8706932773109244,convergence,0
616,0.8724789915966387,convergence,0
617,0.8724789915966387,convergence,0
618,0.8724789915966387,convergence,0
619,0.8724789915966387,convergence,0
620,0.8742647058823529,convergence,0
621,0.8742647058823529,convergence,0
622,0.8742647058823529,convergence,0
623,0.8742647058823529,convergence,0
624,0.8742647058823529,convergence,0
625,0.8742647058823529,convergence,0
626,0.8742647058823529,convergence,0
627,0.8742647058823529,convergence,0
628,0.8742647058823529,convergence,0
629,0.8742647058823529,convergence,0
630,0.8742647058823529,convergence,0
631,0.8742647058823529,convergence,0
632,0.8742647058823529,convergence,0
633,0.8778361344537815,convergence,0
634,0.881827731092437,convergence,0
635,0.881827731092437,convergence,0
636,0.881827731092437,convergence,0
637,0.881827731092437,convergence,0
638,0.8853991596638655,convergence,0
639,0.8853991596638655,convergence,0
640,0.8853991596638655,convergence,0
641,0.8853991596638655,convergence,0
642,0.8853991596638655,convergence,0
643,0.8853991596638655,convergence,0
644,0.8853991596638655,convergence,0
645,0.8853991596638655,convergence,0
646,0.8853991596638655,convergence,0
647,0.8853991596638655,convergence,0
648,0.8853991596638655,convergence,0
649,0.8911764705882352,convergence,0
650,0.8911764705882352,convergence,0
651,0.8911764705882352,convergence,0
652,0.8911764705882352,convergence,0
653,0.8911764705882352,convergence,0
654,0.8965336134453781,convergence,0
655,0.8965336134453781,convergence,0
656,0.8965336134453781,convergence,0
657,0.8965336134453781,convergence,0
658,0.8965336134453781,convergence,0
659,0.8965336134453781,convergence,0
660,0.8965336134453781,convergence,0
661,0.8965336134453781,convergence,0
662,0.8965336134453781,convergence,0
663,0.8965336134453781,convergence,0
664,0.8965336134453781,convergence,0
665,0.8965336134453781,convergence,0
666,0.8965336134453781,convergence,0
667,0.8965336134453781,convergence,0
668,0.8965336134453781,convergence,0
669,0.8965336134453781,convergence,0
670,0.8965336134453781,convergence,0
671,0.8965336134453781,convergence,0
672,0.8965336134453781,convergence,0
673,0.8965336134453781,convergence,0
674,0.8965336134453781,convergence,0
675,0.8965336134453781,convergence,0
676,0.8965336134453781,convergence,0
677,0.8965336134453781,convergence,0
678,0.8965336134453781,convergence,0
679,0.8987394957983192,convergence,0
680,0.8987394957983192,convergence,0
681,0.8987394957983192,convergence,0
682,0.8987394957983192,convergence,0
683,0.8987394957983192,convergence,0
684,0.9005252100840335,convergence,0
685,0.9005252100840335,convergence,0
686,0.9005252100840335,convergence,0
687,0.9005252100840335,convergence,0
688,0.9005252100840335,convergence,0
689,0.9005252100840335,convergence,0
690,0.9005252100840335,convergence,0
691,0.9023109243697479,convergence,0
692,0.9023109243697479,convergence,0
693,0.9023109243697479,convergence,0
694,0.9023109243697479,convergence,0
695,0.9023109243697479,convergence,0
696,0.9023109243697479,convergence,0
697,0.9023109243697479,convergence,0
698,0.9148109243697479,convergence,0
699,0.9148109243697479,convergence,0
700,0.9148109243697479,convergence,0
701,0.9148109243697479,convergence,0
702,0.9148109243697479,convergence,0
703,0.9148109243697479,convergence,0
704,0.9148109243697479,convergence,0
705,0.9148109243697479,convergence,0
706,0.9148109243697479,convergence,0
707,0.9148109243697479,convergence,0
708,0.9148109243697479,convergence,0
709,0.9148109243697479,convergence,0
710,0.9148109243697479,convergence,0
711,0.9148109243697479,convergence,0
712,0.9148109243697479,convergence,0
713,0.9148109243697479,convergence,0
714,0.9148109243697479,convergence,0
715,0.9148109243697479,convergence,0
716,0.9148109243697479,convergence,0
717,0.9148109243697479,convergence,0
718,0.9148109243697479,convergence,0
719,0.9148109243697479,convergence,0
720,0.9148109243697479,convergence,0
721,0.9148109243697479,convergence,0
722,0.9148109243697479,convergence,0
723,0.9148109243697479,convergence,0
724,0.9148109243697479,convergence,0
725,0.9148109243697479,convergence,0
726,0.9148109243697479,convergence,0
727,0.9148109243697479,convergence,0
728,0.9148109243697479,convergence,0
729,0.9148109243697479,convergence,0
730,0.9148109243697479,convergence,0
731,0.9148109243697479,convergence,0
732,0.9148109243697479,convergence,0
733,0.9148109243697479,convergence,0
734,0.9148109243697479,convergence,0
735,0.9273109243697479,convergence,0
736,0.9273109243697479,convergence,0
737,0.9273109243697479,convergence,0
738,0.9273109243697479,convergence,0
739,0.9273109243697479,convergence,0
740,0.9273109243697479,convergence,0
741,0.9273109243697479,convergence,0
742,0.9273109243697479,convergence,0
743,0.9290966386554622,convergence,0
744,0.9290966386554622,convergence,0
745,0.9290966386554622,convergence,0
746,0.9290966386554622,convergence,0
747,0.9290966386554622,convergence,0
748,0.9290966386554622,convergence,0
749,0.9290966386554622,convergence,0
750,0.9290966386554622,convergence,0
751,0.9290966386554622,convergence,0
752,0.9290966386554622,convergence,0
753,0.9290966386554622,convergence,0
754,0.9290966386554622,convergence,0
755,0.9290966386554622,convergence,0
756,0.9290966386554622,convergence,0
757,0.9290966386554622,convergence,0
758,0.9290966386554622,convergence,0
759,0.9290966386554622,convergence,0
760,0.9290966386554622,convergence,0
761,0.9290966386554622,convergence,0
762,0.9290966386554622,convergence,0
763,0.9290966386554622,convergence,0
764,0.9290966386554622,convergence,0
765,0.9290966386554622,convergence,0
766,0.9290966386554622,convergence,0
767,0.9290966386554622,convergence,0
768,0.9290966386554622,convergence,0
769,0.9290966386554622,convergence,0
770,0.9290966386554622,convergence,0
771,0.9290966386554622,convergence,0
772,0.9290966386554622,convergence,0
773,0.9290966386554622,convergence,0
774,0.9290966386554622,convergence,0
775,0.9290966386554622,convergence,0
776,0.9290966386554622,convergence,0
777,0.9290966386554622,convergence,0
778,0.9308823529411765,convergence,0
779,0.9308823529411765,convergence,0
780,0.9308823529411765,convergence,0
781,0.9308823529411765,convergence,0
782,0.9308823529411765,convergence,0
783,0.9308823529411765,convergence,0
784,0.9308823529411765,convergence,0
785,0.9308823529411765,convergence,0
786,0.9308823529411765,convergence,0
787,0.9308823529411765,convergence,0
788,0.9308823529411765,convergence,0
789,0.9308823529411765,convergence,0
790,0.9308823529411765,convergence,0
791,0.9308823529411765,convergence,0
792,0.9308823529411765,convergence,0
793,0.9308823529411765,convergence,0
794,0.9308823529411765,convergence,0
795,0.9308823529411765,convergence,0
796,0.9308823529411765,convergence,0
797,0.9308823529411765,convergence,0
798,0.9308823529411765,convergence,0
799,0.9308823529411765,convergence,0
800,0.9308823529411765,convergence,0
801,0.9308823529411765,convergence,0
802,0.9308823529411765,convergence,0
803,0.9308823529411765,convergence,0
804,0.9308823529411765,convergence,0
805,0.9308823529411765,convergence,0
806,0.9308823529411765,convergence,0
807,0.9308823529411765,convergence,0
808,0.9308823529411765,convergence,0
809,0.9308823529411765,convergence,0
810,0.9308823529411765,convergence,0
811,0.9308823529411765,convergence,0
812,0.9308823529411765,convergence,0
813,0.9308823529411765,convergence,0
814,0.9308823529411765,convergence,0
815,0.9308823529411765,convergence,0
816,0.9308823529411765,convergence,0
817,0.9308823529411765,convergence,0
818,0.9308823529411765,convergence,0
819,0.9308823529411765,convergence,0
820,0.9308823529411765,convergence,0
821,0.9308823529411765,convergence,0
822,0.9308823529411765,convergence,0
823,0.9308823529411765,convergence,0
824,0.9308823529411765,convergence,0
825,0.9308823529411765,convergence,0
826,0.9308823529411765,convergence,0
827,0.9308823529411765,convergence,0
828,0.9308823529411765,convergence,0
829,0.9308823529411765,convergence,0
830,0.9308823529411765,convergence,0
831,0.9308823529411765,convergence,0
832,0.9308823529411765,convergence,0
833,0.9308823529411765,convergence,0
834,0.9308823529411765,convergence,0
835,0.9308823529411765,convergence,0
836,0.9308823529411765,convergence,0
837,0.9308823529411765,convergence,0
838,0.9308823529411765,convergence,0
839,0.9308823529411765,convergence,0
840,0.9308823529411765,convergence,0
841,0.9308823529411765,convergence,0
842,0.9308823529411765,convergence,0
843,0.9308823529411765,convergence,0
844,0.9308823529411765,convergence,0
845,0.9308823529411765,convergence,0
846,0.9308823529411765,convergence,0
847,0.9308823529411765,convergence,0
848,0.9308823529411765,convergence,0
849,0.9308823529411765,convergence,0
850,0.9308823529411765,convergence,0
851,0.9308823529411765,convergence,0
852,0.9308823529411765,convergence,0
853,0.9308823529411765,convergence,0
854,0.9308823529411765,convergence,0
855,0.9308823529411765,convergence,0
856,0.9308823529411765,convergence,0
857,0.9308823529411765,convergence,0
858,0.9308823529411765,convergence,0
859,0.9308823529411765,convergence,0
860,0.9308823529411765,convergence,0
861,0.9308823529411765,convergence,0
862,0.9308823529411765,convergence,0
863,0.9308823529411765,convergence,0
864,0.9308823529411765,convergence,0
865,0.9308823529411765,convergence,0
866,0.9308823529411765,convergence,0
867,0.9308823529411765,convergence,0
868,0.9308823529411765,convergence,0
869,0.9308823529411765,convergence,0
870,0.9308823529411765,convergence,0
871,0.9308823529411765,convergence,0
872,0.9308823529411765,convergence,0
873,0.9308823529411765,convergence,0
874,0.9308823529411765,convergence,0
875,0.9308823529411765,convergence,0
876,0.9308823529411765,convergence,0
877,0.9308823529411765,convergence,0
878,0.9308823529411765,convergence,0
879,0.9308823529411765,convergence,0
880,0.9308823529411765,convergence,0
881,0.9308823529411765,convergence,0
882,0.9308823529411765,convergence,0
883,0.9308823529411765,convergence,0
884,0.9308823529411765,convergence,0
885,0.9308823529411765,convergence,0
886,0.9308823529411765,convergence,0
887,0.9308823529411765,convergence,0
888,0.9308823529411765,convergence,0
889,0.9308823529411765,convergence,0
890,0.9308823529411765,convergence,0
891,0.9308823529411765,convergence,0
892,0.9308823529411765,convergence,0
893,0.9308823529411765,convergence,0
894,0.9308823529411765,convergence,0
895,0.9308823529411765,convergence,0
896,0.9308823529411765,convergence,0
897,0.9308823529411765,convergence,0
898,0.9308823529411765,convergence,0
899,0.9308823529411765,convergence,0
900,0.9308823529411765,convergence,0
901,0.9308823529411765,convergence,0
902,0.9308823529411765,convergence,0
903,0.9308823529411765,convergence,0
904,0.9308823529411765,convergence,0
905,0.9308823529411765,convergence,0
906,0.9308823529411765,convergence,0
907,0.9308823529411765,convergence,0
908,0.9308823529411765,convergence,0
909,0.9308823529411765,convergence,0
910,0.9308823529411765,convergence,0
911,0.9308823529411765,convergence,0
912,0.9308823529411765,convergence,0
913,0.9308823529411765,convergence,0
914,0.9308823529411765,convergence,0
915,0.9308823529411765,convergence,0
916,0.9308823529411765,convergence,0
917,0.9308823529411765,convergence,0
918,0.9308823529411765,convergence,0
919,0.9308823529411765,convergence,0
920,0.9308823529411765,convergence,0
921,0.9308823529411765,convergence,0
922,0.9308823529411765,convergence,0
923,0.9308823529411765,convergence,0
924,0.9308823529411765,convergence,0
925,0.9308823529411765,convergence,0
926,0.9308823529411765,convergence,0
927,0.9308823529411765,convergence,0
928,0.9308823529411765,convergence,0
929,0.9308823529411765,convergence,0
930,0.9308823529411765,convergence,0
931,0.9308823529411765,convergence,0
932,0.9308823529411765,convergence,0
933,0.9308823529411765,convergence,0
934,0.9308823529411765,convergence,0
935,0.9308823529411765,convergence,0
936,0.9308823529411765,convergence,0
937,0.9308823529411765,convergence,0
938,0.9308823529411765,convergence,0
939,0.9402310924369748,convergence,0
940,0.9402310924369748,convergence,0
941,0.9402310924369748,convergence,0
942,0.9402310924369748,convergence,0
943,0.9402310924369748,convergence,0
944,0.9402310924369748,convergence,0
945,0.9402310924369748,convergence,0
946,0.9402310924369748,convergence,0
947,0.9402310924369748,convergence,0
948,0.9402310924369748,convergence,0
949,0.9402310924369748,convergence,0
950,0.9402310924369748,convergence,0
951,0.9402310924369748,convergence,0
952,0.9402310924369748,convergence,0
953,0.9402310924369748,convergence,0
954,0.9420168067226891,convergence,0
955,0.9420168067226891,convergence,0
956,0.9420168067226891,convergence,0
957,0.9420168067226891,convergence,0
958,0.9420168067226891,convergence,0
959,0.9420168067226891,convergence,0
960,0.9420168067226891,convergence,0
961,0.9420168067226891,convergence,0
962,0.9420168067226891,convergence,0
963,0.9420168067226891,convergence,0
964,0.9420168067226891,convergence,0
965,0.9420168067226891,convergence,0
966,0.9420168067226891,convergence,0
967,0.9420168067226891,convergence,0
968,0.9420168067226891,convergence,0
969,0.9420168067226891,convergence,0
970,0.9420168067226891,convergence,0
971,0.9420168067226891,convergence,0
972,0.9420168067226891,convergence,0
973,0.9420168067226891,convergence,0
974,0.9420168067226891,convergence,0
975,0.9420168067226891,convergence,0
976,0.9420168067226891,convergence,0
977,0.9420168067226891,convergence,0
978,0.9420168067226891,convergence,0
979,0.9420168067226891,convergence,0
980,0.9420168067226891,convergence,0
981,0.9420168067226891,convergence,0
982,0.9420168067226891,convergence,0
983,0.9420168067226891,convergence,0
984,0.9420168067226891,convergence,0
985,0.9420168067226891,convergence,0
986,0.9420168067226891,convergence,0
987,0.9420168067226891,convergence,0
988,0.9420168067226891,convergence,0
989,0.9420168067226891,convergence,0
990,0.9420168067226891,convergence,0
991,0.9420168067226891,convergence,0
992,0.9420168067226891,convergence,0
993,0.9420168067226891,convergence,0
994,0.9420168067226891,convergence,0
995,0.9420168067226891,convergence,0
996,0.9420168067226891,convergence,0
997,0.9420168067226891,convergence,0
998,0.9420168067226891,convergence,0
999,0.9420168067226891,convergence,0
1000,0.9420168067226891,convergence,0
1001,0.9420168067226891,convergence,0
1002,0.9420168067226891,convergence,0
1003,0.9420168067226891,convergence,0
1004,0.9420168067226891,convergence,0
1005,0.9420168067226891,convergence,0
1006,0.9420168067226891,convergence,0
1007,0.9420168067226891,convergence,0
1008,0.9420168067226891,convergence,0
1009,0.9420168067226891,convergence,0
1010,0.9420168067226891,convergence,0
1011,0.9420168067226891,convergence,0
1012,0.9420168067226891,convergence,0
1013,0.9420168067226891,convergence,0
1014,0.9420168067226891,convergence,0
1015,0.9420168067226891,convergence,0
1016,0.9420168067226891,convergence,0
1017,0.9420168067226891,convergence,0
1018,0.9420168067226891,convergence,0
1019,0.9420168067226891,convergence,0
1020,0.9420168067226891,convergence,0
1021,0.9420168067226891,convergence,0
1022,0.9420168067226891,convergence,0
1023,0.9420168067226891,convergence,0
1024,0.9420168067226891,convergence,0
1025,0.9420168067226891,convergence,0
1026,0.9420168067226891,convergence,0
1027,0.9420168067226891,convergence,0
1028,0.9442226890756302,convergence,0
1029,0.9442226890756302,convergence,0
1030,0.9442226890756302,convergence,0
1031,0.9442226890756302,convergence,0
1032,0.9460084033613445,convergence,0
1033,0.9460084033613445,convergence,0
1034,0.9460084033613445,convergence,0
1035,0.9460084033613445,convergence,0
1036,0.9460084033613445,convergence,0
1037,0.9477941176470588,convergence,0
1038,0.9477941176470588,convergence,0
1039,0.9477941176470588,convergence,0
1040,0.9477941176470588,convergence,0
1041,0.9477941176470588,convergence,0
1042,0.9477941176470588,convergence,0
1043,0.9477941176470588,convergence,0
1044,0.9477941176470588,convergence,0
1045,0.9477941176470588,convergence,0
1046,0.9535714285714285,convergence,0
1047,0.9535714285714285,convergence,0
1048,0.9535714285714285,convergence,0
1049,0.9535714285714285,convergence,0
1050,0.9535714285714285,convergence,0
1051,0.9535714285714285,convergence,0
1052,0.9535714285714285,convergence,0
1053,0.9535714285714285,convergence,0
1054,0.9535714285714285,convergence,0
1055,0.9535714285714285,convergence,0
1056,0.9535714285714285,convergence,0
1057,0.9535714285714285,convergence,0
1058,0.9589285714285714,convergence,0
1059,0.9607142857142856,convergence,0
1060,0.9607142857142856,convergence,0
1061,0.9607142857142856,convergence,0
1062,0.9607142857142856,convergence,0
1063,0.9607142857142856,convergence,0
1064,0.9607142857142856,convergence,0
1065,0.9607142857142856,convergence,0
1066,0.9660714285714286,convergence,0
1067,0.9660714285714286,convergence,0
1068,0.9660714285714286,convergence,0
1069,0.9660714285714286,convergence,0
1070,0.9660714285714286,convergence,0
1071,0.9660714285714286,convergence,0
1072,0.9660714285714286,convergence,0
1073,0.9660714285714286,convergence,0
1074,0.9660714285714286,convergence,0
1075,0.9660714285714286,convergence,0
1076,0.9696428571428571,convergence,0
1077,0.9696428571428571,convergence,0
1078,0.9696428571428571,convergence,0
1079,0.9696428571428571,convergence,0
1080,0.9696428571428571,convergence,0
1081,0.9696428571428571,convergence,0
1082,0.9696428571428571,convergence,0
1083,0.9696428571428571,convergence,0
1084,0.9696428571428571,convergence,0
1085,0.9696428571428571,convergence,0
1086,0.9696428571428571,convergence,0
1087,0.9696428571428571,convergence,0
1088,0.9696428571428571,convergence,0
1089,0.9696428571428571,convergence,0
1090,0.9714285714285714,convergence,0
1091,0.9714285714285714,convergence,0
1092,0.9714285714285714,convergence,0
1093,0.9714285714285714,convergence,0
1094,0.9714285714285714,convergence,0
1095,0.9714285714285714,convergence,0
1096,0.9714285714285714,convergence,0
1097,0.9714285714285714,convergence,0
1098,0.9714285714285714,convergence,0
1099,0.9714285714285714,convergence,0
1100,0.9714285714285714,convergence,0
1101,0.9714285714285714,convergence,0
1102,0.9714285714285714,convergence,0
1103,0.9714285714285714,convergence,0
1104,0.9714285714285714,convergence,0
1105,0.9714285714285714,convergence,0
1106,0.9714285714285714,convergence,0
1107,0.9714285714285714,convergence,0
1108,0.9714285714285714,convergence,0
1109,0.9714285714285714,convergence,0
1110,0.9714285714285714,convergence,0
1111,0.9714285714285714,convergence,0
1112,0.9714285714285714,convergence,0
1113,0.9714285714285714,convergence,0
1114,0.9714285714285714,convergence,0
1115,0.9714285714285714,convergence,0
1116,0.9732142857142857,convergence,0
1117,0.9732142857142857,convergence,0
1118,0.9732142857142857,convergence,0
1119,0.9732142857142857,convergence,0
1120,0.9732142857142857,convergence,0
1121,0.9732142857142857,convergence,0
1122,0.9732142857142857,convergence,0
1123,0.9732142857142857,convergence,0
1124,0.9732142857142857,convergence,0
1125,0.9732142857142857,convergence,0
1126,0.9732142857142857,convergence,0
1127,0.9732142857142857,convergence,0
1128,0.9732142857142857,convergence,0
1129,0.9732142857142857,convergence,0
1130,0.9732142857142857,convergence,0
1131,0.9732142857142857,convergence,0
1132,0.9732142857142857,convergence,0
1133,0.9732142857142857,convergence,0
1134,0.9732142857142857,convergence,0
1135,0.9732142857142857,convergence,0
1136,0.9732142857142857,convergence,0
1137,0.9732142857142857,convergence,0
1138,0.9732142857142857,convergence,0
1139,0.9732142857142857,convergence,0
1140,0.9732142857142857,convergence,0
1141,0.9732142857142857,convergence,0
1142,0.9732142857142857,convergence,0
1143,0.9732142857142857,convergence,0
1144,0.9732142857142857,convergence,0
1145,0.9732142857142857,convergence,0
1146,0.9732142857142857,convergence,0
1147,0.9732142857142857,convergence,0
1148,0.9732142857142857,convergence,0
1149,0.9732142857142857,convergence,0
1150,0.9732142857142857,convergence,0
1151,0.9732142857142857,convergence,0
1152,0.9732142857142857,convergence,0
1153,0.9732142857142857,convergence,0
1154,0.9732142857142857,convergence,0
1155,0.9732142857142857,convergence,0
1156,0.9732142857142857,convergence,0
1157,0.9732142857142857,convergence,0
1158,0.9732142857142857,convergence,0
1159,0.9732142857142857,convergence,0
1160,0.9732142857142857,convergence,0
1161,0.9732142857142857,convergence,0
1162,0.9732142857142857,convergence,0
1163,0.9732142857142857,convergence,0
1164,0.9732142857142857,convergence,0
1165,0.9732142857142857,convergence,0
1166,0.9732142857142857,convergence,0
1167,0.9732142857142857,convergence,0
1168,0.9732142857142857,convergence,0
1169,0.9732142857142857,convergence,0
1170,0.9732142857142857,convergence,0
1171,0.9732142857142857,convergence,0
1172,0.9732142857142857,convergence,0
1173,0.9732142857142857,convergence,0
1174,0.9732142857142857,convergence,0
1175,0.9732142857142857,convergence,0
1176,0.9732142857142857,convergence,0
1177,0.9732142857142857,convergence,0
1178,0.9732142857142857,convergence,0
1179,0.9732142857142857,convergence,0
1180,0.9732142857142857,convergence,0
1181,0.9732142857142857,convergence,0
1182,0.9732142857142857,convergence,0
1183,0.9732142857142857,convergence,0
1184,0.9732142857142857,convergence,0
1185,0.9732142857142857,convergence,0
1186,0.9732142857142857,convergence,0
1187,0.9732142857142857,convergence,0
1188,0.9732142857142857,convergence,0
1189,0.9732142857142857,convergence,0
1190,0.9732142857142857,convergence,0
1191,0.9732142857142857,convergence,0
1192,0.9732142857142857,convergence,0
1193,0.9732142857142857,convergence,0
1194,0.9732142857142857,convergence,0
1195,0.9732142857142857,convergence,0
1196,0.9732142857142857,convergence,0
1197,0.9732142857142857,convergence,0
1198,0.9732142857142857,convergence,0
1199,0.975,convergence,0
1200,0.975,convergence,0
1201,0.975,convergence,0
1202,0.975,convergence,0
1203,0.975,convergence,0
1204,0.975,convergence,0
1205,0.975,convergence,0
1206,0.975,convergence,0
1207,0.975,convergence,0
1208,0.975,convergence,0
1209,0.975,convergence,0
1210,0.975,convergence,0
1211,0.975,convergence,0
1212,0.975,convergence,0
1213,0.975,convergence,0
1214,0.975,convergence,0
1215,0.975,convergence,0
1216,0.975,convergence,0
1217,0.975,convergence,0
1218,0.975,convergence,0
1219,0.975,convergence,0
1220,0.975,convergence,0
1221,0.975,convergence,0
1222,0.975,convergence,0
1223,0.975,convergence,0
1224,0.975,convergence,0
1225,0.975,convergence,0
1226,0.975,convergence,0
1227,0.975,convergence,0
1228,0.975,convergence,0
1229,0.975,convergence,0
1230,0.975,convergence,0
1231,0.975,convergence,0
1232,0.975,convergence,0
1233,0.975,convergence,0
1234,0.975,convergence,0
1235,0.975,convergence,0
1236,0.975,convergence,0
1237,0.975,convergence,0
1238,0.975,convergence,0
1239,0.975,convergence,0
1240,0.975,convergence,0
1241,0.975,convergence,0
1242,0.975,convergence,0
1243,0.975,convergence,0
1244,0.975,convergence,0
1245,0.975,convergence,0
1246,0.975,convergence,0
1247,0.975,convergence,0
1248,0.975,convergence,0
1249,0.975,convergence,0
1250,0.975,convergence,0
1251,0.975,convergence,0
1252,0.975,convergence,0
1253,0.975,convergence,0
1254,0.975,convergence,0
1255,0.975,convergence,0
1256,0.975,convergence,0
1257,0.975,convergence,0
1258,0.975,convergence,0
1259,0.975,convergence,0
1260,0.975,convergence,0
1261,0.975,convergence,0
1262,0.975,convergence,0
1263,0.975,convergence,0
1264,0.975,convergence,0
1265,0.975,convergence,0
1266,0.975,convergence,0
1267,0.975,convergence,0
1268,0.975,convergence,0
1269,0.975,convergence,0
1270,0.975,convergence,0
1271,0.975,convergence,0
1272,0.975,convergence,0
1273,0.975,convergence,0
1274,0.975,convergence,0
1275,0.975,convergence,0
1276,0.975,convergence,0
1277,0.975,convergence,0
1278,0.975,convergence,0
1279,0.975,convergence,0
1280,0.975,convergence,0
1281,0.975,convergence,0
1282,0.975,convergence,0
1283,0.975,convergence,0
1284,0.975,convergence,0
1285,0.975,convergence,0
1286,0.975,convergence,0
1287,0.975,convergence,0
1288,0.975,convergence,0
1289,0.975,convergence,0
1290,0.975,convergence,0
1291,0.975,convergence,0
1292,0.975,convergence,0
1293,0.975,convergence,0
1294,0.975,convergence,0
1295,0.975,convergence,0
1296,0.975,convergence,0
1297,0.975,convergence,0
1298,0.975,convergence,0
1299,0.975,convergence,0
1300,0.975,convergence,0
1301,0.975,convergence,0
1302,0.975,convergence,0
1303,0.975,convergence,0
1304,0.975,convergence,0
1305,0.975,convergence,0
1306,0.975,convergence,0
1307,0.975,convergence,0
1308,0.975,convergence,0
1309,0.975,convergence,0
1310,0.975,convergence,0
1311,0.975,convergence,0
1312,0.975,convergence,0
1313,0.975,convergence,0
1314,0.975,convergence,0
1315,0.975,convergence,0
1316,0.975,convergence,0
1317,0.975,convergence,0
1318,0.975,convergence,0
1319,0.975,convergence,0
1320,0.975,convergence,0
1321,0.975,convergence,0
1322,0.975,convergence,0
1323,0.975,convergence,0
1324,0.975,convergence,0
1325,0.975,convergence,0
1326,0.975,convergence,0
1327,0.975,convergence,0
1328,0.975,convergence,0
1329,0.975,convergence,0
1330,0.975,convergence,0
1331,0.975,convergence,0
1332,0.975,convergence,0
1333,0.975,convergence,0
1334,0.975,convergence,0
1335,0.975,convergence,0
1336,0.975,convergence,0
1337,0.975,convergence,0
1338,0.975,convergence,0
1339,0.975,convergence,0
1340,0.975,convergence,0
1341,0.975,convergence,0
1342,0.975,convergence,0
1343,0.975,convergence,0
1344,0.975,convergence,0
1345,0.975,convergence,0
1346,0.975,convergence,0
1347,0.975,convergence,0
1348,0.975,convergence,0
1349,0.975,convergence,0
1350,0.975,convergence,0
1351,0.975,convergence,0
1352,0.975,convergence,0
1353,0.975,convergence,0
1354,0.975,convergence,0
1355,0.975,convergence,0
1356,0.975,convergence,0
1357,0.975,convergence,0
1358,0.975,convergence,0
1359,0.975,convergence,0
1360,0.975,convergence,0
1361,0.975,convergence,0
1362,0.975,convergence,0
1363,0.975,convergence,0
1364,0.975,convergence,0
1365,0.975,convergence,0
1366,0.975,convergence,0
1367,0.975,convergence,0
1368,0.975,convergence,0
1369,0.975,convergence,0
1370,0.975,convergence,0
1371,0.975,convergence,0
1372,0.975,convergence,0
1373,0.975,convergence,0
1374,0.975,convergence,0
1375,0.975,convergence,0
1376,0.975,convergence,0
1377,0.975,convergence,0
1378,0.975,convergence,0
1379,0.975,convergence,0
1380,0.975,convergence,0
1381,0.975,convergence,0
1382,0.975,convergence,0
1383,0.975,convergence,0
1384,0.975,convergence,0
1385,0.975,convergence,0
1386,0.975,convergence,0
1387,0.975,convergence,0
1388,0.975,convergence,0
1389,0.975,convergence,0
1390,0.975,convergence,0
1391,0.975,convergence,0
1392,0.975,convergence,0
1393,0.975,convergence,0
1394,0.975,convergence,0
1395,0.975,convergence,0
1396,0.975,convergence,0
1397,0.975,convergence,0
1398,0.975,convergence,0
1399,0.975,convergence,0
1400,0.975,convergence,0
1401,0.975,convergence,0
1402,0.975,convergence,0
1403,0.975,convergence,0
1404,0.975,convergence,0
1405,0.975,convergence,0
1406,0.975,convergence,0
1407,0.975,convergence,0
1408,0.975,convergence,0
1409,0.975,convergence,0
1410,0.975,convergence,0
1411,0.975,convergence,0
1412,0.975,convergence,0
1413,0.975,convergence,0
1414,0.975,convergence,0
1415,0.975,convergence,0
1416,0.975,convergence,0
1417,0.975,convergence,0
1418,0.975,convergence,0
1419,0.975,convergence,0
1420,0.975,convergence,0
1421,0.975,convergence,0
1422,0.975,convergence,0
1423,0.975,convergence,0
1424,0.975,convergence,0
1425,0.975,convergence,0
1426,0.975,convergence,0
1427,0.975,convergence,0
1428,0.975,convergence,0
1429,0.975,convergence,0
1430,0.975,convergence,0
1431,0.975,convergence,0
1432,0.975,convergence,0
1433,0.975,convergence,0
1434,0.975,convergence,0
1435,0.975,convergence,0
1436,0.975,convergence,0
1437,0.975,convergence,0
1438,0.975,convergence,0
1439,0.975,convergence,0
1440,0.975,convergence,0
1441,0.975,convergence,0
1442,0.975,convergence,0
1443,0.975,convergence,0
1444,0.975,convergence,0
1445,0.975,convergence,0
1446,0.975,convergence,0
1447,0.975,convergence,0
1448,0.975,convergence,0
1449,0.975,convergence,0
1450,0.975,convergence,0
1451,0.975,convergence,0
1452,0.975,convergence,0
1453,0.975,convergence,0
1454,0.975,convergence,0
1455,0.975,convergence,0
1456,0.975,convergence,0
1457,0.975,convergence,0
1458,0.975,convergence,0
1459,0.975,convergence,0
1460,0.975,convergence,0
1461,0.975,convergence,0
1462,0.975,convergence,0
1463,0.975,convergence,0
1464,0.975,convergence,0
1465,0.975,convergence,0
1466,0.975,convergence,0
1467,0.975,convergence,0
1468,0.975,convergence,0
1469,0.975,convergence,0
1470,0.975,convergence,0
1471,0.975,convergence,0
1472,0.975,convergence,0
1473,0.975,convergence,0
1474,0.975,convergence,0
1475,0.975,convergence,0
1476,0.975,convergence,0
1477,0.975,convergence,0
1478,0.975,convergence,0
1479,0.975,convergence,0
1480,0.975,convergence,0
1481,0.975,convergence,0
1482,0.975,convergence,0
1483,0.975,convergence,0
1484,0.975,convergence,0
1485,0.975,convergence,0
1486,0.975,convergence,0
1487,0.975,convergence,0
1488,0.975,convergence,0
1489,0.975,convergence,0
1490,0.975,convergence,0
1491,0.975,convergence,0
1492,0.975,convergence,0
1493,0.975,convergence,0
1494,0.975,convergence,0
1495,0.975,convergence,0
1496,0.975,convergence,0
1497,0.975,convergence,0
1498,0.975,convergence,0
1499,0.975,convergence,0
1500,0.975,convergence,0
1501,0.975,convergence,0
1502,0.975,convergence,0
1503,0.975,convergence,0
1504,0.975,convergence,0
1505,0.975,convergence,0
1506,0.975,convergence,0
1507,0.975,convergence,0
1508,0.975,convergence,0
1509,0.975,convergence,0
1510,0.975,convergence,0
1511,0.975,convergence,0
1512,0.975,convergence,0
1513,0.975,convergence,0
1514,0.975,convergence,0
1515,0.975,convergence,0
1516,0.975,convergence,0
1517,0.975,convergence,0
1518,0.975,convergence,0
1519,0.975,convergence,0
1520,0.975,convergence,0
1521,0.975,convergence,0
1522,0.975,convergence,0
1523,0.975,convergence,0
1524,0.975,convergence,0
1525,0.975,convergence,0
1526,0.975,convergence,0
1527,0.975,convergence,0
1528,0.975,convergence,0
1529,0.975,convergence,0
1530,0.975,convergence,0
1531,0.975,convergence,0
1532,0.975,convergence,0
1533,0.975,convergence,0
1534,0.975,convergence,0
1535,0.975,convergence,0
1536,0.975,convergence,0
1537,0.975,convergence,0
1538,0.975,convergence,0
1539,0.975,convergence,0
1540,0.975,convergence,0
1541,0.975,convergence,0
1542,0.975,convergence,0
1543,0.975,convergence,0
1544,0.975,convergence,0
1545,0.975,convergence,0
1546,0.975,convergence,0
1547,0.975,convergence,0
1548,0.975,convergence,0
1549,0.975,convergence,0
1550,0.975,convergence,0
1551,0.975,convergence,0
1552,0.975,convergence,0
1553,0.975,convergence,0
1554,0.975,convergence,0
1555,0.975,convergence,0
1556,0.975,convergence,0
1557,0.975,convergence,0
1558,0.975,convergence,0
1559,0.975,convergence,0
1560,0.975,convergence,0
1561,0.975,convergence,0
1562,0.975,convergence,0
1563,0.975,convergence,0
1564,0.975,convergence,0
1565,0.975,convergence,0
1566,0.975,convergence,0
1567,0.975,convergence,0
1568,0.975,convergence,0
1569,0.975,convergence,0
1570,0.975,convergence,0
1571,0.975,convergence,0
1572,0.975,convergence,0
1573,0.975,convergence,0
1574,0.975,convergence,0
1575,0.975,convergence,0
1576,0.975,convergence,0
1577,0.975,convergence,0
1578,0.975,convergence,0
1579,0.975,convergence,0
1580,0.975,convergence,0
1581,0.975,convergence,0
1582,0.975,convergence,0
1583,0.975,convergence,0
1584,0.975,convergence,0
1585,0.975,convergence,0
1586,0.975,convergence,0
1587,0.975,convergence,0
1588,0.975,convergence,0
1589,0.975,convergence,0
1590,0.975,convergence,0
1591,0.975,convergence,0
1592,0.975,convergence,0
1593,0.975,convergence,0
1594,0.975,convergence,0
1595,0.975,convergence,0
1596,0.975,convergence,0
1597,0.975,convergence,0
1598,0.975,convergence,0
1599,0.975,convergence,0
1600,0.975,convergence,0
1601,0.975,convergence,0
1602,0.975,convergence,0
1603,0.975,convergence,0
1604,0.975,convergence,0
1605,0.975,convergence,0
1606,0.975,convergence,0
1607,0.975,convergence,0
1608,0.975,convergence,0
1609,0.975,convergence,0
1610,0.975,convergence,0
1611,0.975,convergence,0
1612,0.975,convergence,0
1613,0.975,convergence,0
1614,0.975,convergence,0
1615,0.975,convergence,0
1616,0.975,convergence,0
1617,0.975,convergence,0
1618,0.975,convergence,0
1619,0.975,convergence,0
1620,0.975,convergence,0
1621,0.975,convergence,0
1622,0.975,convergence,0
1623,0.975,convergence,0
1624,0.975,convergence,0
1625,0.975,convergence,0
1626,0.975,convergence,0
1627,0.975,convergence,0
1628,0.975,convergence,0
1629,0.975,convergence,0
1630,0.975,convergence,0
1631,0.975,convergence,0
1632,0.975,convergence,0
1633,0.975,convergence,0
1634,0.975,convergence,0
1635,0.975,convergence,0
1636,0.975,convergence,0
1637,0.975,convergence,0
1638,0.975,convergence,0
1639,0.975,convergence,0
1640,0.975,convergence,0
1641,0.975,convergence,0
1642,0.975,convergence,0
1643,0.975,convergence,0
1644,0.975,convergence,0
1645,0.975,convergence,0
1646,0.975,convergence,0
1647,0.975,convergence,0
1648,0.975,convergence,0
1649,0.975,convergence,0
1650,0.975,convergence,0
1651,0.975,convergence,0
1652,0.975,convergence,0
1653,0.975,convergence,0
1654,0.975,convergence,0
1655,0.975,convergence,0
1656,0.975,convergence,0
1657,0.975,convergence,0
1658,0.975,convergence,0
1659,0.975,convergence,0
1660,0.975,convergence,0
1661,0.975,convergence,0
1662,0.975,convergence,0
1663,0.975,convergence,0
1664,0.975,convergence,0
1665,0.975,convergence,0
1666,0.975,convergence,0
1667,0.975,convergence,0
1668,0.975,convergence,0
1669,0.975,convergence,0
1670,0.975,convergence,0
1671,0.975,convergence,0
1672,0.975,convergence,0
1673,0.975,convergence,0
1674,0.975,convergence,0
1675,0.975,convergence,0
1676,0.975,convergence,0
1677,0.975,convergence,0
1678,0.975,convergence,0
1679,0.975,convergence,0
1680,0.975,convergence,0
1681,0.975,convergence,0
1682,0.975,convergence,0
1683,0.975,convergence,0
1684,0.975,convergence,0
1685,0.975,convergence,0
1686,0.975,convergence,0
1687,0.975,convergence,0
1688,0.975,convergence,0
1689,0.975,convergence,0
1690,0.975,convergence,0
1691,0.975,convergence,0
1692,0.975,convergence,0
1693,0.975,convergence,0
1694,0.975,convergence,0
1695,0.975,convergence,0
1696,0.975,convergence,0
1697,0.975,convergence,0
1698,0.975,convergence,0
1699,0.975,convergence,0
1700,0.975,convergence,0
1701,0.975,convergence,0
1702,0.975,convergence,0
1703,0.975,convergence,0
1704,0.975,convergence,0
1705,0.975,convergence,0
1706,0.975,convergence,0
1707,0.975,convergence,0
1708,0.975,convergence,0
1709,0.975,convergence,0
1710,0.975,convergence,0
1711,0.975,convergence,0
1712,0.975,convergence,0
1713,0.975,convergence,0
1714,0.975,convergence,0
1715,0.975,convergence,0
1716,0.975,convergence,0
1717,0.975,convergence,0
1718,0.975,convergence,0
1719,0.975,convergence,0
1720,0.975,convergence,0
1721,0.975,convergence,0
1722,0.975,convergence,0
1723,0.975,convergence,0
1724,0.975,convergence,0
1725,0.975,convergence,0
1726,0.975,convergence,0
1727,0.975,convergence,0
1728,0.975,convergence,0
1729,0.975,convergence,0
1730,0.975,convergence,0
1731,0.975,convergence,0
1732,0.975,convergence,0
1733,0.975,convergence,0
1734,0.975,convergence,0
1735,0.975,convergence,0
1736,0.975,convergence,0
1737,0.975,convergence,0
1738,0.975,convergence,0
1739,0.975,convergence,0
1740,0.975,convergence,0
1741,0.975,convergence,0
1742,0.975,convergence,0
1743,0.975,convergence,0
1744,0.975,convergence,0
1745,0.975,convergence,0
1746,0.975,convergence,0
1747,0.975,convergence,0
1748,0.975,convergence,0
1749,0.975,convergence,0
1750,0.975,convergence,0
1751,0.975,convergence,0
1752,0.975,convergence,0
1753,0.975,convergence,0
1754,0.975,convergence,0
1755,0.975,convergence,0
1756,0.975,convergence,0
1757,0.975,convergence,0
1758,0.975,convergence,0
1759,0.975,convergence,0
1760,0.975,convergence,0
1761,0.975,convergence,0
1762,0.975,convergence,0
1763,0.975,convergence,0
1764,0.975,convergence,0
1765,0.975,convergence,0
1766,0.975,convergence,0
1767,0.975,convergence,0
1768,0.975,convergence,0
1769,0.975,convergence,0
1770,0.975,convergence,0
1771,0.975,convergence,0
1772,0.975,convergence,0
1773,0.975,convergence,0
1774,0.975,convergence,0
1775,0.9767857142857144,convergence,0
1776,0.9767857142857144,convergence,0
1777,0.9767857142857144,convergence,0
1778,0.9767857142857144,convergence,0
1779,0.9767857142857144,convergence,0
1780,0.9767857142857144,convergence,0
1781,0.9767857142857144,convergence,0
1782,0.9767857142857144,convergence,0
1783,0.9767857142857144,convergence,0
1784,0.9767857142857144,convergence,0
1785,0.9767857142857144,convergence,0
1786,0.9767857142857144,convergence,0
1787,0.9767857142857144,convergence,0
1788,0.9767857142857144,convergence,0
1789,0.9767857142857144,convergence,0
1790,0.9767857142857144,convergence,0
1791,0.9767857142857144,convergence,0
1792,0.9767857142857144,convergence,0
1793,0.9767857142857144,convergence,0
1794,0.9767857142857144,convergence,0
1795,0.9767857142857144,convergence,0
1796,0.9767857142857144,convergence,0
1797,0.9767857142857144,convergence,0
1798,0.9767857142857144,convergence,0
1799,0.9767857142857144,convergence,0
1800,0.9767857142857144,convergence,0
1801,0.9767857142857144,convergence,0
1802,0.9767857142857144,convergence,0
1803,0.9767857142857144,convergence,0
1804,0.9767857142857144,convergence,0
1805,0.9767857142857144,convergence,0
1806,0.9767857142857144,convergence,0
1807,0.9767857142857144,convergence,0
1808,0.9767857142857144,convergence,0
1809,0.9767857142857144,convergence,0
1810,0.9767857142857144,convergence,0
1811,0.9767857142857144,convergence,0
1812,0.9767857142857144,convergence,0
1813,0.9767857142857144,convergence,0
1814,0.9767857142857144,convergence,0
1815,0.9767857142857144,convergence,0
1816,0.9767857142857144,convergence,0
1817,0.9767857142857144,convergence,0
1818,0.9767857142857144,convergence,0
1819,0.9767857142857144,convergence,0
1820,0.9767857142857144,convergence,0
1821,0.9767857142857144,convergence,0
1822,0.9767857142857144,convergence,0
1823,0.9767857142857144,convergence,0
1824,0.9767857142857144,convergence,0
1825,0.9767857142857144,convergence,0
1826,0.9767857142857144,convergence,0
1827,0.9767857142857144,convergence,0
1828,0.9767857142857144,convergence,0
1829,0.9767857142857144,convergence,0
1830,0.9767857142857144,convergence,0
1831,0.9767857142857144,convergence,0
1832,0.9767857142857144,convergence,0
1833,0.9767857142857144,convergence,0
1834,0.9767857142857144,convergence,0
1835,0.9767857142857144,convergence,0
1836,0.9767857142857144,convergence,0
1837,0.9767857142857144,convergence,0
1838,0.9767857142857144,convergence,0
1839,0.9767857142857144,convergence,0
1840,0.9767857142857144,convergence,0
1841,0.9767857142857144,convergence,0
1842,0.9767857142857144,convergence,0
1843,0.9767857142857144,convergence,0
1844,0.9767857142857144,convergence,0
1845,0.9767857142857144,convergence,0
1846,0.9767857142857144,convergence,0
1847,0.9767857142857144,convergence,0
1848,0.9767857142857144,convergence,0
1849,0.9767857142857144,convergence,0
1850,0.9767857142857144,convergence,0
1851,0.9767857142857144,convergence,0
1852,0.9767857142857144,convergence,0
1853,0.9767857142857144,convergence,0
1854,0.9767857142857144,convergence,0
1855,0.9767857142857144,convergence,0
1856,0.9767857142857144,convergence,0
1857,0.9767857142857144,convergence,0
1858,0.9767857142857144,convergence,0
1859,0.9785714285714286,convergence,0
1860,0.9785714285714286,convergence,0
1861,0.9785714285714286,convergence,0
1862,0.9785714285714286,convergence,0
1863,0.9785714285714286,convergence,0
1864,0.9785714285714286,convergence,0
1865,0.9785714285714286,convergence,0
1866,0.9785714285714286,convergence,0
1867,0.9785714285714286,convergence,0
1868,0.9785714285714286,convergence,0
1869,0.9785714285714286,convergence,0
1870,0.9785714285714286,convergence,0
1871,0.9785714285714286,convergence,0
1872,0.9785714285714286,convergence,0
1873,0.9785714285714286,convergence,0
1874,0.9785714285714286,convergence,0
1875,0.9785714285714286,convergence,0
1876,0.9785714285714286,convergence,0
1877,0.9785714285714286,convergence,0
1878,0.9785714285714286,convergence,0
1879,0.9785714285714286,convergence,0
1880,0.9785714285714286,convergence,0
1881,0.9785714285714286,convergence,0
1882,0.9785714285714286,convergence,0
1883,0.9785714285714286,convergence,0
1884,0.9785714285714286,convergence,0
1885,0.9785714285714286,convergence,0
1886,0.9785714285714286,convergence,0
1887,0.9785714285714286,convergence,0
1888,0.9785714285714286,convergence,0
1889,0.9785714285714286,convergence,0
1890,0.9785714285714286,convergence,0
1891,0.9785714285714286,convergence,0
1892,0.9785714285714286,convergence,0
1893,0.9785714285714286,convergence,0
1894,0.9785714285714286,convergence,0
1895,0.9785714285714286,convergence,0
1896,0.9785714285714286,convergence,0
1897,0.9785714285714286,convergence,0
1898,0.9785714285714286,convergence,0
1899,0.9785714285714286,convergence,0
1900,0.9785714285714286,convergence,0
1901,0.9785714285714286,convergence,0
1902,0.9785714285714286,convergence,0
1903,0.9785714285714286,convergence,0
1904,0.9785714285714286,convergence,0
1905,0.9785714285714286,convergence,0
1906,0.9785714285714286,convergence,0
1907,0.9785714285714286,convergence,0
1908,0.9785714285714286,convergence,0
1909,0.9785714285714286,convergence,0
1910,0.9785714285714286,convergence,0
1911,0.9785714285714286,convergence,0
1912,0.9785714285714286,convergence,0
1913,0.9785714285714286,convergence,0
1914,0.9785714285714286,convergence,0
1915,0.9785714285714286,convergence,0
1916,0.9785714285714286,convergence,0
1917,0.9785714285714286,convergence,0
1918,0.9785714285714286,convergence,0
1919,0.9785714285714286,convergence,0
1920,0.9785714285714286,convergence,0
1921,0.9785714285714286,convergence,0
1922,0.9785714285714286,convergence,0
1923,0.9785714285714286,convergence,0
1924,0.9785714285714286,convergence,0
1925,0.9785714285714286,convergence,0
1926,0.9785714285714286,convergence,0
1927,0.9785714285714286,convergence,0
1928,0.9785714285714286,convergence,0
1929,0.9785714285714286,convergence,0
1930,0.9785714285714286,convergence,0
1931,0.9785714285714286,convergence,0
1932,0.9785714285714286,convergence,0
1933,0.9785714285714286,convergence,0
1934,0.9785714285714286,convergence,0
1935,0.9785714285714286,convergence,0
1936,0.9785714285714286,convergence,0
1937,0.9785714285714286,convergence,0
1938,0.9785714285714286,convergence,0
1939,0.9785714285714286,convergence,0
1940,0.9785714285714286,convergence,0
1941,0.9785714285714286,convergence,0
1942,0.9785714285714286,convergence,0
1943,0.9785714285714286,convergence,0
1944,0.9785714285714286,convergence,0
1945,0.9785714285714286,convergence,0
1946,0.9785714285714286,convergence,0
1947,0.9785714285714286,convergence,0
1948,0.9785714285714286,convergence,0
1949,0.9785714285714286,convergence,0
1950,0.9785714285714286,convergence,0
1951,0.9785714285714286,convergence,0
1952,0.9785714285714286,convergence,0
1953,0.9785714285714286,convergence,0
1954,0.9785714285714286,convergence,0
1955,0.9785714285714286,convergence,0
1956,0.9785714285714286,convergence,0
1957,0.9785714285714286,convergence,0
1958,0.9785714285714286,convergence,0
1959,0.9785714285714286,convergence,0
1960,0.9785714285714286,convergence,0
1961,0.9785714285714286,convergence,0
1962,0.9785714285714286,convergence,0
1963,0.9785714285714286,convergence,0
1964,0.9785714285714286,convergence,0
1965,0.9785714285714286,convergence,0
1966,0.9785714285714286,convergence,0
1967,0.9785714285714286,convergence,0
1968,0.9785714285714286,convergence,0
1969,0.9785714285714286,convergence,0
1970,0.9785714285714286,convergence,0
1971,0.9785714285714286,convergence,0
1972,0.9785714285714286,convergence,0
1973,0.9785714285714286,convergence,0
1974,0.9785714285714286,convergence,0
1975,0.9785714285714286,convergence,0
1976,0.9785714285714286,convergence,0
1977,0.9785714285714286,convergence,0
1978,0.9785714285714286,convergence,0
1979,0.9785714285714286,convergence,0
1980,0.9785714285714286,convergence,0
1981,0.9785714285714286,convergence,0
1982,0.9785714285714286,convergence,0
1983,0.9785714285714286,convergence,0
1984,0.9785714285714286,convergence,0
1985,0.9785714285714286,convergence,0
1986,0.9785714285714286,convergence,0
1987,0.9785714285714286,convergence,0
1988,0.9785714285714286,convergence,0
1989,0.9785714285714286,convergence,0
1990,0.9785714285714286,convergence,0
1991,0.9785714285714286,convergence,0
1992,0.9785714285714286,convergence,0
1993,0.9785714285714286,convergence,0
1994,0.9785714285714286,convergence,0
1995,0.9785714285714286,convergence,0
1996,0.9785714285714286,convergence,0
1997,0.9785714285714286,convergence,0
1998,0.9785714285714286,convergence,0
1999,0.9785714285714286,convergence,0
2000,0.9785714285714286,convergence,0
2001,0.9785714285714286,convergence,0
2002,0.9785714285714286,convergence,0
2003,0.9785714285714286,convergence,0
2004,0.9785714285714286,convergence,0
2005,0.9785714285714286,convergence,0
2006,0.9785714285714286,convergence,0
2007,0.9785714285714286,convergence,0
2008,0.9785714285714286,convergence,0
2009,0.9785714285714286,convergence,0
2010,0.9785714285714286,convergence,0
2011,0.9785714285714286,convergence,0
2012,0.9785714285714286,convergence,0
2013,0.9785714285714286,convergence,0
2014,0.9785714285714286,convergence,0
2015,0.9785714285714286,convergence,0
2016,0.9785714285714286,convergence,0
2017,0.9785714285714286,convergence,0
2018,0.9785714285714286,convergence,0
2019,0.9785714285714286,convergence,0
2020,0.9785714285714286,convergence,0
2021,0.9785714285714286,convergence,0
2022,0.9785714285714286,convergence,0
2023,0.9785714285714286,convergence,0
2024,0.9785714285714286,convergence,0
2025,0.9785714285714286,convergence,0
2026,0.9785714285714286,convergence,0
2027,0.9785714285714286,convergence,0
2028,0.9785714285714286,convergence,0
2029,0.9785714285714286,convergence,0
2030,0.9785714285714286,convergence,0
2031,0.9785714285714286,convergence,0
2032,0.9785714285714286,convergence,0
2033,0.9785714285714286,convergence,0
2034,0.9785714285714286,convergence,0
2035,0.9785714285714286,convergence,0
2036,0.9785714285714286,convergence,0
2037,0.9785714285714286,convergence,0
2038,0.9785714285714286,convergence,0
2039,0.9785714285714286,convergence,0
2040,0.9785714285714286,convergence,0
2041,0.9785714285714286,convergence,0
2042,0.9785714285714286,convergence,0
2043,0.9785714285714286,convergence,0
2044,0.9785714285714286,convergence,0
2045,0.9785714285714286,convergence,0
2046,0.9785714285714286,convergence,0
2047,0.9785714285714286,convergence,0
2048,0.9785714285714286,convergence,0
2049,0.9785714285714286,convergence,0
2050,0.9785714285714286,convergence,0
2051,0.9785714285714286,convergence,0
2052,0.9785714285714286,convergence,0
2053,0.9785714285714286,convergence,0
2054,0.9785714285714286,convergence,0
2055,0.9785714285714286,convergence,0
2056,0.9785714285714286,convergence,0
2057,0.9785714285714286,convergence,0
2058,0.9785714285714286,convergence,0
2059,0.9785714285714286,convergence,0
2060,0.9785714285714286,convergence,0
2061,0.9785714285714286,convergence,0
2062,0.9785714285714286,convergence,0
2063,0.9785714285714286,convergence,0
2064,0.9785714285714286,convergence,0
2065,0.9785714285714286,convergence,0
2066,0.9785714285714286,convergence,0
2067,0.9785714285714286,convergence,0
2068,0.9785714285714286,convergence,0
2069,0.9785714285714286,convergence,0
2070,0.9785714285714286,convergence,0
2071,0.9785714285714286,convergence,0
2072,0.9785714285714286,convergence,0
2073,0.9785714285714286,convergence,0
2074,0.9785714285714286,convergence,0
2075,0.9785714285714286,convergence,0
2076,0.9785714285714286,convergence,0
2077,0.9785714285714286,convergence,0
2078,0.9785714285714286,convergence,0
2079,0.9785714285714286,convergence,0
2080,0.9785714285714286,convergence,0
2081,0.9785714285714286,convergence,0
2082,0.9785714285714286,convergence,0
2083,0.9785714285714286,convergence,0
2084,0.9785714285714286,convergence,0
2085,0.9785714285714286,convergence,0
2086,0.9785714285714286,convergence,0
2087,0.9785714285714286,convergence,0
2088,0.9785714285714286,convergence,0
2089,0.9785714285714286,convergence,0
2090,0.9785714285714286,convergence,0
2091,0.9785714285714286,convergence,0
2092,0.9785714285714286,convergence,0
2093,0.9785714285714286,convergence,0
2094,0.9785714285714286,convergence,0
2095,0.9785714285714286,convergence,0
2096,0.9785714285714286,convergence,0
2097,0.9785714285714286,convergence,0
2098,0.9785714285714286,convergence,0
2099,0.9785714285714286,convergence,0
2100,0.9785714285714286,convergence,0
2101,0.9785714285714286,convergence,0
2102,0.9785714285714286,convergence,0
2103,0.9785714285714286,convergence,0
2104,0.9785714285714286,convergence,0
2105,0.9785714285714286,convergence,0
2106,0.9785714285714286,convergence,0
2107,0.9785714285714286,convergence,0
2108,0.9785714285714286,convergence,0
2109,0.9785714285714286,convergence,0
2110,0.9785714285714286,convergence,0
2111,0.9785714285714286,convergence,0
2112,0.9785714285714286,convergence,0
2113,0.9785714285714286,convergence,0
2114,0.9785714285714286,convergence,0
2115,0.9785714285714286,convergence,0
2116,0.9785714285714286,convergence,0
2117,0.9785714285714286,convergence,0
2118,0.9785714285714286,convergence,0
2119,0.9785714285714286,convergence,0
2120,0.9785714285714286,convergence,0
2121,0.9785714285714286,convergence,0
2122,0.9785714285714286,convergence,0
2123,0.9785714285714286,convergence,0
2124,0.9785714285714286,convergence,0
2125,0.9785714285714286,convergence,0
2126,0.9785714285714286,convergence,0
2127,0.9785714285714286,convergence,0
2128,0.9785714285714286,convergence,0
2129,0.9785714285714286,convergence,0
2130,0.9785714285714286,convergence,0
2131,0.9785714285714286,convergence,0
2132,0.9785714285714286,convergence,0
2133,0.9785714285714286,convergence,0
2134,0.9785714285714286,convergence,0
2135,0.9785714285714286,convergence,0
2136,0.9785714285714286,convergence,0
2137,0.9785714285714286,convergence,0
2138,0.9785714285714286,convergence,0
2139,0.9785714285714286,convergence,0
2140,0.9785714285714286,convergence,0
2141,0.9785714285714286,convergence,0
2142,0.9785714285714286,convergence,0
2143,0.9785714285714286,convergence,0
2144,0.9785714285714286,convergence,0
2145,0.9785714285714286,convergence,0
2146,0.9785714285714286,convergence,0
2147,0.9785714285714286,convergence,0
2148,0.9785714285714286,convergence,0
2149,0.9785714285714286,convergence,0
2150,0.9785714285714286,convergence,0
2151,0.9785714285714286,convergence,0
2152,0.9785714285714286,convergence,0
2153,0.9785714285714286,convergence,0
2154,0.9785714285714286,convergence,0
2155,0.9785714285714286,convergence,0
2156,0.9785714285714286,convergence,0
2157,0.9785714285714286,convergence,0
2158,0.9785714285714286,convergence,0
2159,0.9785714285714286,convergence,0
2160,0.9785714285714286,convergence,0
2161,0.9785714285714286,convergence,0
2162,0.9785714285714286,convergence,0
2163,0.9785714285714286,convergence,0
2164,0.9785714285714286,convergence,0
2165,0.9785714285714286,convergence,0
2166,0.9785714285714286,convergence,0
2167,0.9785714285714286,convergence,0
2168,0.9785714285714286,convergence,0
2169,0.9785714285714286,convergence,0
2170,0.9785714285714286,convergence,0
2171,0.9785714285714286,convergence,0
2172,0.9785714285714286,convergence,0
2173,0.9785714285714286,convergence,0
2174,0.9785714285714286,convergence,0
2175,0.9785714285714286,convergence,0
2176,0.9785714285714286,convergence,0
2177,0.9785714285714286,convergence,0
2178,0.9785714285714286,convergence,0
2179,0.9785714285714286,convergence,0
2180,0.9785714285714286,convergence,0
2181,0.9785714285714286,convergence,0
2182,0.9785714285714286,convergence,0
2183,0.9785714285714286,convergence,0
2184,0.9785714285714286,convergence,0
2185,0.9785714285714286,convergence,0
2186,0.9785714285714286,convergence,0
2187,0.9785714285714286,convergence,0
2188,0.9785714285714286,convergence,0
2189,0.9785714285714286,convergence,0
2190,0.9785714285714286,convergence,0
2191,0.9785714285714286,convergence,0
2192,0.9785714285714286,convergence,0
2193,0.9785714285714286,convergence,0
2194,0.9785714285714286,convergence,0
2195,0.9785714285714286,convergence,0
2196,0.9785714285714286,convergence,0
2197,0.9785714285714286,convergence,0
2198,0.9785714285714286,convergence,0
2199,0.9785714285714286,convergence,0
2200,0.9785714285714286,convergence,0
2201,0.9785714285714286,convergence,0
2202,0.9785714285714286,convergence,0
2203,0.9785714285714286,convergence,0
2204,0.9785714285714286,convergence,0
2205,0.9785714285714286,convergence,0
2206,0.9785714285714286,convergence,0
2207,0.9785714285714286,convergence,0
2208,0.9785714285714286,convergence,0
2209,0.9785714285714286,convergence,0
2210,0.9785714285714286,convergence,0
2211,0.9785714285714286,convergence,0
2212,0.9785714285714286,convergence,0
2213,0.9785714285714286,convergence,0
2214,0.9785714285714286,convergence,0
2215,0.9785714285714286,convergence,0
2216,0.9785714285714286,convergence,0
2217,0.9785714285714286,convergence,0
2218,0.9785714285714286,convergence,0
2219,0.9785714285714286,convergence,0
2220,0.9785714285714286,convergence,0
2221,0.9785714285714286,convergence,0
2222,0.9785714285714286,convergence,0
2223,0.9785714285714286,convergence,0
2224,0.9785714285714286,convergence,0
2225,0.9785714285714286,convergence,0
2226,0.9785714285714286,convergence,0
2227,0.9785714285714286,convergence,0
2228,0.9785714285714286,convergence,0
2229,0.9785714285714286,convergence,0
2230,0.9785714285714286,convergence,0
2231,0.9785714285714286,convergence,0
2232,0.9785714285714286,convergence,0
2233,0.9785714285714286,convergence,0
2234,0.9785714285714286,convergence,0
2235,0.9785714285714286,convergence,0
2236,0.9785714285714286,convergence,0
2237,0.9785714285714286,convergence,0
2238,0.9785714285714286,convergence,0
2239,0.9785714285714286,convergence,0
2240,0.9785714285714286,convergence,0
2241,0.9785714285714286,convergence,0
2242,0.9785714285714286,convergence,0
2243,0.9785714285714286,convergence,0
2244,0.9785714285714286,convergence,0
2245,0.9785714285714286,convergence,0
2246,0.9785714285714286,convergence,0
2247,0.9785714285714286,convergence,0
2248,0.9785714285714286,convergence,0
2249,0.9785714285714286,convergence,0
2250,0.9785714285714286,convergence,0
2251,0.9785714285714286,convergence,0
2252,0.9785714285714286,convergence,0
2253,0.9785714285714286,convergence,0
2254,0.9785714285714286,convergence,0
2255,0.9785714285714286,convergence,0
2256,0.9785714285714286,convergence,0
2257,0.9785714285714286,convergence,0
2258,0.9785714285714286,convergence,0
2259,0.9785714285714286,convergence,0
2260,0.9785714285714286,convergence,0
2261,0.9785714285714286,convergence,0
2262,0.9785714285714286,convergence,0
2263,0.9785714285714286,convergence,0
2264,0.9785714285714286,convergence,0
2265,0.9785714285714286,convergence,0
2266,0.9785714285714286,convergence,0
2267,0.9785714285714286,convergence,0
2268,0.9785714285714286,convergence,0
2269,0.9785714285714286,convergence,0
2270,0.9785714285714286,convergence,0
2271,0.9785714285714286,convergence,0
2272,0.9785714285714286,convergence,0
2273,0.9785714285714286,convergence,0
2274,0.9785714285714286,convergence,0
2275,0.9785714285714286,convergence,0
2276,0.9785714285714286,convergence,0
2277,0.9785714285714286,convergence,0
2278,0.9785714285714286,convergence,0
2279,0.9785714285714286,convergence,0
2280,0.9785714285714286,convergence,0
2281,0.9785714285714286,convergence,0
2282,0.9785714285714286,convergence,0
2283,0.9785714285714286,convergence,0
2284,0.9785714285714286,convergence,0
2285,0.9785714285714286,convergence,0
2286,0.9785714285714286,convergence,0
2287,0.9785714285714286,convergence,0
2288,0.9785714285714286,convergence,0
2289,0.9785714285714286,convergence,0
2290,0.9785714285714286,convergence,0
2291,0.9785714285714286,convergence,0
2292,0.9785714285714286,convergence,0
2293,0.9785714285714286,convergence,0
2294,0.9785714285714286,convergence,0
2295,0.9785714285714286,convergence,0
2296,0.9785714285714286,convergence,0
2297,0.9785714285714286,convergence,0
2298,0.9785714285714286,convergence,0
2299,0.9785714285714286,convergence,0
2300,0.9785714285714286,convergence,0
2301,0.9785714285714286,convergence,0
2302,0.9785714285714286,convergence,0
2303,0.9785714285714286,convergence,0
2304,0.9785714285714286,convergence,0
2305,0.9785714285714286,convergence,0
2306,0.9785714285714286,convergence,0
2307,0.9785714285714286,convergence,0
2308,0.9785714285714286,convergence,0
2309,0.9785714285714286,convergence,0
2310,0.9785714285714286,convergence,0
2311,0.9785714285714286,convergence,0
2312,0.9785714285714286,convergence,0
2313,0.9785714285714286,convergence,0
2314,0.9785714285714286,convergence,0
2315,0.9785714285714286,convergence,0
2316,0.9785714285714286,convergence,0
2317,0.9785714285714286,convergence,0
2318,0.9785714285714286,convergence,0
2319,0.9785714285714286,convergence,0
2320,0.9785714285714286,convergence,0
2321,0.9785714285714286,convergence,0
2322,0.9785714285714286,convergence,0
2323,0.9785714285714286,convergence,0
2324,0.9785714285714286,convergence,0
2325,0.9785714285714286,convergence,0
2326,0.9785714285714286,convergence,0
2327,0.9785714285714286,convergence,0
2328,0.9785714285714286,convergence,0
2329,0.9785714285714286,convergence,0
2330,0.9785714285714286,convergence,0
2331,0.9785714285714286,convergence,0
2332,0.9785714285714286,convergence,0
2333,0.9785714285714286,convergence,0
2334,0.9785714285714286,convergence,0
2335,0.9785714285714286,convergence,0
2336,0.9785714285714286,convergence,0
2337,0.9785714285714286,convergence,0
2338,0.9785714285714286,convergence,0
2339,0.9785714285714286,convergence,0
2340,0.9785714285714286,convergence,0
2341,0.9785714285714286,convergence,0
2342,0.9785714285714286,convergence,0
2343,0.9785714285714286,convergence,0
2344,0.9785714285714286,convergence,0
2345,0.9785714285714286,convergence,0
2346,0.9785714285714286,convergence,0
2347,0.9785714285714286,convergence,0
2348,0.9785714285714286,convergence,0
2349,0.9785714285714286,convergence,0
2350,0.9785714285714286,convergence,0
2351,0.9785714285714286,convergence,0
2352,0.9785714285714286,convergence,0
2353,0.9785714285714286,convergence,0
2354,0.9785714285714286,convergence,0
2355,0.9785714285714286,convergence,0
2356,0.9785714285714286,convergence,0
2357,0.9785714285714286,convergence,0
2358,0.9785714285714286,convergence,0
2359,0.9785714285714286,convergence,0
2360,0.9785714285714286,convergence,0
2361,0.9785714285714286,convergence,0
2362,0.9785714285714286,convergence,0
2363,0.9785714285714286,convergence,0
2364,0.9785714285714286,convergence,0
2365,0.9785714285714286,convergence,0
2366,0.9785714285714286,convergence,0
2367,0.9785714285714286,convergence,0
2368,0.9785714285714286,convergence,0
2369,0.9785714285714286,convergence,0
2370,0.9785714285714286,convergence,0
2371,0.9785714285714286,convergence,0
2372,0.9785714285714286,convergence,0
2373,0.9785714285714286,convergence,0
2374,0.9785714285714286,convergence,0
2375,0.9785714285714286,convergence,0
2376,0.9785714285714286,convergence,0
2377,0.9785714285714286,convergence,0
2378,0.9785714285714286,convergence,0
2379,0.9785714285714286,convergence,0
2380,0.9785714285714286,convergence,0
2381,0.9785714285714286,convergence,0
2382,0.9785714285714286,convergence,0
2383,0.9785714285714286,convergence,0
2384,0.9785714285714286,convergence,0
2385,0.9785714285714286,convergence,0
2386,0.9785714285714286,convergence,0
2387,0.9785714285714286,convergence,0
2388,0.9785714285714286,convergence,0
2389,0.9785714285714286,convergence,0
2390,0.9785714285714286,convergence,0
2391,0.9785714285714286,convergence,0
2392,0.9785714285714286,convergence,0
2393,0.9785714285714286,convergence,0
2394,0.9785714285714286,convergence,0
2395,0.9785714285714286,convergence,0
2396,0.9785714285714286,convergence,0
2397,0.9785714285714286,convergence,0
2398,0.9785714285714286,convergence,0
2399,0.9785714285714286,convergence,0
2400,0.9785714285714286,convergence,0
2401,0.9785714285714286,convergence,0
2402,0.9785714285714286,convergence,0
2403,0.9785714285714286,convergence,0
2404,0.9785714285714286,convergence,0
2405,0.9785714285714286,convergence,0
2406,0.9785714285714286,convergence,0
2407,0.9785714285714286,convergence,0
2408,0.9785714285714286,convergence,0
2409,0.9785714285714286,convergence,0
2410,0.9785714285714286,convergence,0
2411,0.9785714285714286,convergence,0
2412,0.9785714285714286,convergence,0
2413,0.9785714285714286,convergence,0
2414,0.9785714285714286,convergence,0
2415,0.9785714285714286,convergence,0
2416,0.9785714285714286,convergence,0
2417,0.9785714285714286,convergence,0
2418,0.9785714285714286,convergence,0
2419,0.9785714285714286,convergence,0
2420,0.9785714285714286,convergence,0
2421,0.9785714285714286,convergence,0
2422,0.9785714285714286,convergence,0
2423,0.9785714285714286,convergence,0
2424,0.9785714285714286,convergence,0
2425,0.9785714285714286,convergence,0
2426,0.9785714285714286,convergence,0
2427,0.9785714285714286,convergence,0
2428,0.9785714285714286,convergence,0
2429,0.9785714285714286,convergence,0
2430,0.9785714285714286,convergence,0
2431,0.9785714285714286,convergence,0
2432,0.9785714285714286,convergence,0
2433,0.9785714285714286,convergence,0
2434,0.9785714285714286,convergence,0
2435,0.9785714285714286,convergence,0
2436,0.9785714285714286,convergence,0
2437,0.9785714285714286,convergence,0
2438,0.9785714285714286,convergence,0
2439,0.9785714285714286,convergence,0
2440,0.9785714285714286,convergence,0
2441,0.9785714285714286,convergence,0
2442,0.9785714285714286,convergence,0
2443,0.9785714285714286,convergence,0
2444,0.9785714285714286,convergence,0
2445,0.9785714285714286,convergence,0
2446,0.9785714285714286,convergence,0
2447,0.9785714285714286,convergence,0
2448,0.9785714285714286,convergence,0
2449,0.9785714285714286,convergence,0
2450,0.9785714285714286,convergence,0
2451,0.9785714285714286,convergence,0
2452,0.9785714285714286,convergence,0
2453,0.9785714285714286,convergence,0
2454,0.9785714285714286,convergence,0
2455,0.9785714285714286,convergence,0
2456,0.9785714285714286,convergence,0
2457,0.9785714285714286,convergence,0
2458,0.9785714285714286,convergence,0
2459,0.9785714285714286,convergence,0
2460,0.9785714285714286,convergence,0
2461,0.9785714285714286,convergence,0
2462,0.9785714285714286,convergence,0
2463,0.9785714285714286,convergence,0
2464,0.9785714285714286,convergence,0
2465,0.9785714285714286,convergence,0
2466,0.9785714285714286,convergence,0
2467,0.9785714285714286,convergence,0
2468,0.9785714285714286,convergence,0
2469,0.9785714285714286,convergence,0
2470,0.9785714285714286,convergence,0
2471,0.9785714285714286,convergence,0
2472,0.9785714285714286,convergence,0
2473,0.9785714285714286,convergence,0
2474,0.9785714285714286,convergence,0
2475,0.9785714285714286,convergence,0
2476,0.9785714285714286,convergence,0
2477,0.9785714285714286,convergence,0
2478,0.9785714285714286,convergence,0
2479,0.9785714285714286,convergence,0
2480,0.9785714285714286,convergence,0
2481,0.9785714285714286,convergence,0
2482,0.9785714285714286,convergence,0
2483,0.9785714285714286,convergence,0
2484,0.9785714285714286,convergence,0
2485,0.9785714285714286,convergence,0
2486,0.9785714285714286,convergence,0
2487,0.9785714285714286,convergence,0
2488,0.9785714285714286,convergence,0
2489,0.9785714285714286,convergence,0
2490,0.9785714285714286,convergence,0
2491,0.9785714285714286,convergence,0
2492,0.9785714285714286,convergence,0
2493,0.9785714285714286,convergence,0
2494,0.9785714285714286,convergence,0
2495,0.9785714285714286,convergence,0
2496,0.9785714285714286,convergence,0
2497,0.9785714285714286,convergence,0
2498,0.9785714285714286,convergence,0
2499,0.9785714285714286,convergence,0
2500,0.9785714285714286,convergence,0
2501,0.9785714285714286,convergence,0
2502,0.9785714285714286,convergence,0
2503,0.9785714285714286,convergence,0
2504,0.9785714285714286,convergence,0
2505,0.9785714285714286,convergence,0
2506,0.9785714285714286,convergence,0
2507,0.9785714285714286,convergence,0
2508,0.9785714285714286,convergence,0
2509,0.9785714285714286,convergence,0
2510,0.9785714285714286,convergence,0
2511,0.9785714285714286,convergence,0
2512,0.9785714285714286,convergence,0
2513,0.9785714285714286,convergence,0
2514,0.9785714285714286,convergence,0
2515,0.9785714285714286,convergence,0
2516,0.9785714285714286,convergence,0
2517,0.9785714285714286,convergence,0
2518,0.9785714285714286,convergence,0
2519,0.9785714285714286,convergence,0
2520,0.9785714285714286,convergence,0
2521,0.9785714285714286,convergence,0
2522,0.9785714285714286,convergence,0
2523,0.9785714285714286,convergence,0
2524,0.9785714285714286,convergence,0
2525,0.9785714285714286,convergence,0
2526,0.9785714285714286,convergence,0
2527,0.9785714285714286,convergence,0
2528,0.9785714285714286,convergence,0
2529,0.9785714285714286,convergence,0
2530,0.9785714285714286,convergence,0
2531,0.9785714285714286,convergence,0
2532,0.9785714285714286,convergence,0
2533,0.9785714285714286,convergence,0
2534,0.9785714285714286,convergence,0
2535,0.9785714285714286,convergence,0
2536,0.9785714285714286,convergence,0
2537,0.9785714285714286,convergence,0
2538,0.9785714285714286,convergence,0
2539,0.9785714285714286,convergence,0
2540,0.9785714285714286,convergence,0
2541,0.9785714285714286,convergence,0
2542,0.9785714285714286,convergence,0
2543,0.9785714285714286,convergence,0
2544,0.9785714285714286,convergence,0
2545,0.9785714285714286,convergence,0
2546,0.9785714285714286,convergence,0
2547,0.9785714285714286,convergence,0
2548,0.9785714285714286,convergence,0
2549,0.9785714285714286,convergence,0
2550,0.9785714285714286,convergence,0
2551,0.9785714285714286,convergence,0
2552,0.9785714285714286,convergence,0
2553,0.9785714285714286,convergence,0
2554,0.9785714285714286,convergence,0
2555,0.9785714285714286,convergence,0
2556,0.9785714285714286,convergence,0
2557,0.9785714285714286,convergence,0
2558,0.9785714285714286,convergence,0
2559,0.9785714285714286,convergence,0
2560,0.9785714285714286,convergence,0
2561,0.9785714285714286,convergence,0
2562,0.9785714285714286,convergence,0
2563,0.9785714285714286,convergence,0
2564,0.9785714285714286,convergence,0
2565,0.9785714285714286,convergence,0
2566,0.9785714285714286,convergence,0
2567,0.9785714285714286,convergence,0
2568,0.9785714285714286,convergence,0
2569,0.9785714285714286,convergence,0
2570,0.9785714285714286,convergence,0
2571,0.9785714285714286,convergence,0
2572,0.9785714285714286,convergence,0
2573,0.9785714285714286,convergence,0
2574,0.9785714285714286,convergence,0
2575,0.9785714285714286,convergence,0
2576,0.9785714285714286,convergence,0
2577,0.9785714285714286,convergence,0
2578,0.9785714285714286,convergence,0
2579,0.9785714285714286,convergence,0
2580,0.9785714285714286,convergence,0
2581,0.9785714285714286,convergence,0
2582,0.9785714285714286,convergence,0
2583,0.9785714285714286,convergence,0
2584,0.9785714285714286,convergence,0
2585,0.9785714285714286,convergence,0
2586,0.9785714285714286,convergence,0
2587,0.9785714285714286,convergence,0
2588,0.9785714285714286,convergence,0
2589,0.9785714285714286,convergence,0
2590,0.9785714285714286,convergence,0
2591,0.9785714285714286,convergence,0
2592,0.9785714285714286,convergence,0
2593,0.9785714285714286,convergence,0
2594,0.9785714285714286,convergence,0
2595,0.9785714285714286,convergence,0
2596,0.9785714285714286,convergence,0
2597,0.9785714285714286,convergence,0
2598,0.9785714285714286,convergence,0
2599,0.9785714285714286,convergence,0
2600,0.9785714285714286,convergence,0
2601,0.9785714285714286,convergence,0
2602,0.9785714285714286,convergence,0
2603,0.9785714285714286,convergence,0
2604,0.9785714285714286,convergence,0
2605,0.9785714285714286,convergence,0
2606,0.9785714285714286,convergence,0
2607,0.9785714285714286,convergence,0
2608,0.9785714285714286,convergence,0
2609,0.9785714285714286,convergence,0
2610,0.9785714285714286,convergence,0
2611,0.9785714285714286,convergence,0
2612,0.9785714285714286,convergence,0
2613,0.9785714285714286,convergence,0
2614,0.9785714285714286,convergence,0
2615,0.9785714285714286,convergence,0
2616,0.9785714285714286,convergence,0
2617,0.9785714285714286,convergence,0
2618,0.9785714285714286,convergence,0
2619,0.9785714285714286,convergence,0
2620,0.9785714285714286,convergence,0
2621,0.9785714285714286,convergence,0
2622,0.9785714285714286,convergence,0
2623,0.9785714285714286,convergence,0
2624,0.9785714285714286,convergence,0
2625,0.9785714285714286,convergence,0
2626,0.9785714285714286,convergence,0
2627,0.9785714285714286,convergence,0
2628,0.9785714285714286,convergence,0
2629,0.9785714285714286,convergence,0
2630,0.9785714285714286,convergence,0
2631,0.9785714285714286,convergence,0
2632,0.9785714285714286,convergence,0
2633,0.9785714285714286,convergence,0
2634,0.9785714285714286,convergence,0
2635,0.9785714285714286,convergence,0
2636,0.9785714285714286,convergence,0
2637,0.9785714285714286,convergence,0
2638,0.9785714285714286,convergence,0
2639,0.9785714285714286,convergence,0
2640,0.9785714285714286,convergence,0
2641,0.9785714285714286,convergence,0
2642,0.9785714285714286,convergence,0
2643,0.9785714285714286,convergence,0
2644,0.9785714285714286,convergence,0
2645,0.9785714285714286,convergence,0
2646,0.9785714285714286,convergence,0
2647,0.9785714285714286,convergence,0
2648,0.9785714285714286,convergence,0
2649,0.9785714285714286,convergence,0
2650,0.9785714285714286,convergence,0
2651,0.9785714285714286,convergence,0
2652,0.9785714285714286,convergence,0
2653,0.9785714285714286,convergence,0
2654,0.9785714285714286,convergence,0
2655,0.9785714285714286,convergence,0
2656,0.9785714285714286,convergence,0
2657,0.9785714285714286,convergence,0
2658,0.9785714285714286,convergence,0
2659,0.9785714285714286,convergence,0
2660,0.9785714285714286,convergence,0
2661,0.9785714285714286,convergence,0
2662,0.9785714285714286,convergence,0
2663,0.9785714285714286,convergence,0
2664,0.9785714285714286,convergence,0
2665,0.9785714285714286,convergence,0
2666,0.9785714285714286,convergence,0
2667,0.9785714285714286,convergence,0
2668,0.9785714285714286,convergence,0
2669,0.9785714285714286,convergence,0
2670,0.9785714285714286,convergence,0
2671,0.9785714285714286,convergence,0
2672,0.9785714285714286,convergence,0
2673,0.9785714285714286,convergence,0
2674,0.9785714285714286,convergence,0
2675,0.9785714285714286,convergence,0
2676,0.9785714285714286,convergence,0
2677,0.9785714285714286,convergence,0
2678,0.9785714285714286,convergence,0
2679,0.9785714285714286,convergence,0
2680,0.9785714285714286,convergence,0
2681,0.9785714285714286,convergence,0
2682,0.9785714285714286,convergence,0
2683,0.9785714285714286,convergence,0
2684,0.9785714285714286,convergence,0
2685,0.9785714285714286,convergence,0
2686,0.9785714285714286,convergence,0
2687,0.9785714285714286,convergence,0
2688,0.9785714285714286,convergence,0
2689,0.9785714285714286,convergence,0
2690,0.9785714285714286,convergence,0
2691,0.9785714285714286,convergence,0
2692,0.9785714285714286,convergence,0
2693,0.9785714285714286,convergence,0
