,Agr,Algoritmo,Particion
0,0.6583106552229432,convergence,2
1,0.7095457400041867,convergence,2
2,0.8013397529830437,convergence,2
3,0.8013397529830437,convergence,2
4,0.8013397529830437,convergence,2
5,0.808928197613565,convergence,2
6,0.832530877119531,convergence,2
7,0.832530877119531,convergence,2
8,0.844986393133766,convergence,2
9,0.844986393133766,convergence,2
10,0.8596922754867071,convergence,2
11,0.8596922754867071,convergence,2
12,0.8596922754867071,convergence,2
13,0.8596922754867071,convergence,2
14,0.8837659619007745,convergence,2
