,Agr,Algoritmo,Particion
0,0.55714883818296,convergence,1
1,0.55714883818296,convergence,1
2,0.55714883818296,convergence,1
3,0.55714883818296,convergence,1
4,0.55714883818296,convergence,1
5,0.55714883818296,convergence,1
6,0.55714883818296,convergence,1
7,0.55714883818296,convergence,1
8,0.55714883818296,convergence,1
9,0.55714883818296,convergence,1
10,0.55714883818296,convergence,1
11,0.55714883818296,convergence,1
12,0.55714883818296,convergence,1
13,0.5678249947665899,convergence,1
14,0.5678249947665899,convergence,1
15,0.5696043541971949,convergence,1
16,0.5696043541971949,convergence,1
17,0.584310236550136,convergence,1
18,0.584310236550136,convergence,1
19,0.584310236550136,convergence,1
20,0.584310236550136,convergence,1
21,0.584310236550136,convergence,1
22,0.584310236550136,convergence,1
23,0.5990161189030773,convergence,1
24,0.6007954783336822,convergence,1
25,0.6007954783336822,convergence,1
26,0.6007954783336822,convergence,1
27,0.6007954783336822,convergence,1
28,0.6007954783336822,convergence,1
29,0.6007954783336822,convergence,1
30,0.6007954783336822,convergence,1
31,0.6007954783336822,convergence,1
32,0.6007954783336822,convergence,1
33,0.6007954783336822,convergence,1
34,0.6007954783336822,convergence,1
35,0.6007954783336822,convergence,1
36,0.6007954783336822,convergence,1
37,0.6007954783336822,convergence,1
38,0.6007954783336822,convergence,1
39,0.6007954783336822,convergence,1
40,0.6007954783336822,convergence,1
41,0.6007954783336822,convergence,1
42,0.6007954783336822,convergence,1
43,0.6007954783336822,convergence,1
44,0.6007954783336822,convergence,1
45,0.6007954783336822,convergence,1
46,0.6007954783336822,convergence,1
47,0.6007954783336822,convergence,1
48,0.6007954783336822,convergence,1
49,0.6007954783336822,convergence,1
50,0.6007954783336822,convergence,1
51,0.6007954783336822,convergence,1
52,0.6007954783336822,convergence,1
53,0.6007954783336822,convergence,1
54,0.6007954783336822,convergence,1
55,0.6007954783336822,convergence,1
56,0.6007954783336822,convergence,1
57,0.6007954783336822,convergence,1
58,0.6007954783336822,convergence,1
59,0.6007954783336822,convergence,1
60,0.6007954783336822,convergence,1
61,0.6007954783336822,convergence,1
62,0.6007954783336822,convergence,1
63,0.6007954783336822,convergence,1
64,0.6007954783336822,convergence,1
65,0.6007954783336822,convergence,1
66,0.6007954783336822,convergence,1
67,0.6007954783336822,convergence,1
68,0.6007954783336822,convergence,1
69,0.6007954783336822,convergence,1
70,0.6007954783336822,convergence,1
71,0.6007954783336822,convergence,1
72,0.6007954783336822,convergence,1
73,0.6007954783336822,convergence,1
74,0.6007954783336822,convergence,1
75,0.6007954783336822,convergence,1
76,0.6007954783336822,convergence,1
77,0.6007954783336822,convergence,1
78,0.6007954783336822,convergence,1
79,0.6066045635335985,convergence,1
80,0.6119426418254135,convergence,1
81,0.6119426418254135,convergence,1
82,0.6119426418254135,convergence,1
83,0.6119426418254135,convergence,1
84,0.6119426418254135,convergence,1
85,0.6119426418254135,convergence,1
86,0.6119426418254135,convergence,1
87,0.6119426418254135,convergence,1
88,0.6119426418254135,convergence,1
89,0.6119426418254135,convergence,1
90,0.6119426418254135,convergence,1
91,0.6119426418254135,convergence,1
92,0.6119426418254135,convergence,1
93,0.6119426418254135,convergence,1
94,0.6119426418254135,convergence,1
95,0.6119426418254135,convergence,1
96,0.6119426418254135,convergence,1
97,0.6119426418254135,convergence,1
98,0.6119426418254135,convergence,1
99,0.6119426418254135,convergence,1
100,0.6119426418254135,convergence,1
101,0.6119426418254135,convergence,1
102,0.6119426418254135,convergence,1
103,0.6119426418254135,convergence,1
104,0.6119426418254135,convergence,1
105,0.6119426418254135,convergence,1
106,0.6119426418254135,convergence,1
107,0.6119426418254135,convergence,1
108,0.6119426418254135,convergence,1
109,0.6119426418254135,convergence,1
110,0.6119426418254135,convergence,1
111,0.6119426418254135,convergence,1
112,0.6119426418254135,convergence,1
113,0.6119426418254135,convergence,1
114,0.6119426418254135,convergence,1
115,0.6119426418254135,convergence,1
116,0.6119426418254135,convergence,1
117,0.6119426418254135,convergence,1
118,0.6119426418254135,convergence,1
119,0.6119426418254135,convergence,1
120,0.6119426418254135,convergence,1
121,0.6119426418254135,convergence,1
122,0.6119426418254135,convergence,1
123,0.6119426418254135,convergence,1
124,0.6119426418254135,convergence,1
125,0.6119426418254135,convergence,1
126,0.6119426418254135,convergence,1
127,0.6119426418254135,convergence,1
128,0.6119426418254135,convergence,1
129,0.6119426418254135,convergence,1
130,0.6119426418254135,convergence,1
131,0.6119426418254135,convergence,1
132,0.6119426418254135,convergence,1
133,0.6119426418254135,convergence,1
134,0.6119426418254135,convergence,1
135,0.6119426418254135,convergence,1
136,0.6119426418254135,convergence,1
137,0.6119426418254135,convergence,1
138,0.6119426418254135,convergence,1
139,0.6119426418254135,convergence,1
140,0.6119426418254135,convergence,1
141,0.6119426418254135,convergence,1
142,0.6119426418254135,convergence,1
143,0.6119426418254135,convergence,1
144,0.6119426418254135,convergence,1
145,0.6119426418254135,convergence,1
146,0.6119426418254135,convergence,1
147,0.6119426418254135,convergence,1
148,0.6119426418254135,convergence,1
149,0.6119426418254135,convergence,1
150,0.6119426418254135,convergence,1
151,0.6119426418254135,convergence,1
152,0.6213104458865397,convergence,1
153,0.6213104458865397,convergence,1
154,0.6342369688088758,convergence,1
155,0.6342369688088758,convergence,1
156,0.6471634917312121,convergence,1
157,0.6471634917312121,convergence,1
158,0.6471634917312121,convergence,1
159,0.6471634917312121,convergence,1
160,0.6471634917312121,convergence,1
161,0.6471634917312121,convergence,1
162,0.6471634917312121,convergence,1
163,0.6471634917312121,convergence,1
164,0.6471634917312121,convergence,1
165,0.6471634917312121,convergence,1
166,0.6471634917312121,convergence,1
167,0.6471634917312121,convergence,1
168,0.6471634917312121,convergence,1
169,0.6471634917312121,convergence,1
170,0.6471634917312121,convergence,1
171,0.6471634917312121,convergence,1
172,0.6471634917312121,convergence,1
173,0.6471634917312121,convergence,1
174,0.6471634917312121,convergence,1
175,0.6471634917312121,convergence,1
176,0.6471634917312121,convergence,1
177,0.6471634917312121,convergence,1
178,0.6471634917312121,convergence,1
179,0.6471634917312121,convergence,1
180,0.6471634917312121,convergence,1
181,0.6471634917312121,convergence,1
182,0.6471634917312121,convergence,1
183,0.6471634917312121,convergence,1
184,0.6471634917312121,convergence,1
185,0.6471634917312121,convergence,1
186,0.6471634917312121,convergence,1
187,0.6471634917312121,convergence,1
188,0.6471634917312121,convergence,1
189,0.6471634917312121,convergence,1
190,0.6471634917312121,convergence,1
191,0.6471634917312121,convergence,1
192,0.6471634917312121,convergence,1
193,0.6471634917312121,convergence,1
194,0.6471634917312121,convergence,1
195,0.6471634917312121,convergence,1
196,0.6471634917312121,convergence,1
197,0.6471634917312121,convergence,1
198,0.6471634917312121,convergence,1
199,0.6471634917312121,convergence,1
200,0.6471634917312121,convergence,1
201,0.6471634917312121,convergence,1
202,0.6471634917312121,convergence,1
203,0.6471634917312121,convergence,1
204,0.6471634917312121,convergence,1
205,0.6471634917312121,convergence,1
206,0.6471634917312121,convergence,1
207,0.6471634917312121,convergence,1
208,0.654280929453632,convergence,1
209,0.654280929453632,convergence,1
210,0.654280929453632,convergence,1
211,0.654280929453632,convergence,1
212,0.654280929453632,convergence,1
213,0.654280929453632,convergence,1
214,0.654280929453632,convergence,1
215,0.654280929453632,convergence,1
216,0.654280929453632,convergence,1
217,0.654280929453632,convergence,1
218,0.654280929453632,convergence,1
219,0.654280929453632,convergence,1
220,0.654280929453632,convergence,1
221,0.654280929453632,convergence,1
222,0.654280929453632,convergence,1
223,0.654280929453632,convergence,1
224,0.654280929453632,convergence,1
225,0.654280929453632,convergence,1
226,0.654280929453632,convergence,1
227,0.654280929453632,convergence,1
228,0.654280929453632,convergence,1
229,0.654280929453632,convergence,1
230,0.654280929453632,convergence,1
231,0.654280929453632,convergence,1
232,0.654280929453632,convergence,1
233,0.654280929453632,convergence,1
234,0.654280929453632,convergence,1
235,0.654280929453632,convergence,1
236,0.654280929453632,convergence,1
237,0.654280929453632,convergence,1
238,0.654280929453632,convergence,1
239,0.654280929453632,convergence,1
240,0.654280929453632,convergence,1
241,0.654280929453632,convergence,1
242,0.654280929453632,convergence,1
243,0.654280929453632,convergence,1
244,0.654280929453632,convergence,1
245,0.654280929453632,convergence,1
246,0.654280929453632,convergence,1
247,0.654280929453632,convergence,1
248,0.654280929453632,convergence,1
249,0.654280929453632,convergence,1
250,0.654280929453632,convergence,1
251,0.654280929453632,convergence,1
252,0.654280929453632,convergence,1
253,0.654280929453632,convergence,1
254,0.654280929453632,convergence,1
255,0.654280929453632,convergence,1
256,0.654280929453632,convergence,1
257,0.654280929453632,convergence,1
258,0.654280929453632,convergence,1
259,0.654280929453632,convergence,1
260,0.6654280929453632,convergence,1
261,0.6672074523759681,convergence,1
262,0.6672074523759681,convergence,1
263,0.6672074523759681,convergence,1
264,0.6672074523759681,convergence,1
265,0.6672074523759681,convergence,1
266,0.6689868118065732,convergence,1
267,0.6854720535901193,convergence,1
268,0.6854720535901193,convergence,1
269,0.6854720535901193,convergence,1
270,0.6854720535901193,convergence,1
271,0.6854720535901193,convergence,1
272,0.6854720535901193,convergence,1
273,0.6854720535901193,convergence,1
274,0.6854720535901193,convergence,1
275,0.6854720535901193,convergence,1
276,0.6854720535901193,convergence,1
277,0.6854720535901193,convergence,1
278,0.6854720535901193,convergence,1
279,0.6854720535901193,convergence,1
280,0.6854720535901193,convergence,1
281,0.6854720535901193,convergence,1
282,0.6854720535901193,convergence,1
283,0.6854720535901193,convergence,1
284,0.6948398576512456,convergence,1
285,0.6948398576512456,convergence,1
286,0.6948398576512456,convergence,1
287,0.6948398576512456,convergence,1
288,0.6948398576512456,convergence,1
289,0.6948398576512456,convergence,1
290,0.6948398576512456,convergence,1
291,0.6948398576512456,convergence,1
292,0.6948398576512456,convergence,1
293,0.6948398576512456,convergence,1
294,0.6948398576512456,convergence,1
295,0.6948398576512456,convergence,1
296,0.6948398576512456,convergence,1
297,0.6966192170818506,convergence,1
298,0.7131044588653968,convergence,1
299,0.7131044588653968,convergence,1
300,0.7131044588653968,convergence,1
301,0.7148838182960017,convergence,1
302,0.7148838182960017,convergence,1
303,0.7295897006489429,convergence,1
304,0.7295897006489429,convergence,1
305,0.7295897006489429,convergence,1
306,0.7295897006489429,convergence,1
307,0.7295897006489429,convergence,1
308,0.7295897006489429,convergence,1
309,0.7295897006489429,convergence,1
310,0.7295897006489429,convergence,1
311,0.7295897006489429,convergence,1
312,0.7295897006489429,convergence,1
313,0.7295897006489429,convergence,1
314,0.7295897006489429,convergence,1
315,0.7295897006489429,convergence,1
316,0.7295897006489429,convergence,1
317,0.7295897006489429,convergence,1
318,0.7295897006489429,convergence,1
319,0.7295897006489429,convergence,1
320,0.7295897006489429,convergence,1
321,0.7295897006489429,convergence,1
322,0.7295897006489429,convergence,1
323,0.7295897006489429,convergence,1
324,0.7295897006489429,convergence,1
325,0.7295897006489429,convergence,1
326,0.7295897006489429,convergence,1
327,0.7295897006489429,convergence,1
328,0.7295897006489429,convergence,1
329,0.7295897006489429,convergence,1
330,0.7295897006489429,convergence,1
331,0.7295897006489429,convergence,1
332,0.7295897006489429,convergence,1
333,0.7295897006489429,convergence,1
334,0.7295897006489429,convergence,1
335,0.7295897006489429,convergence,1
336,0.7295897006489429,convergence,1
337,0.7295897006489429,convergence,1
338,0.7295897006489429,convergence,1
339,0.7295897006489429,convergence,1
340,0.7295897006489429,convergence,1
341,0.7295897006489429,convergence,1
342,0.7295897006489429,convergence,1
343,0.7295897006489429,convergence,1
344,0.7295897006489429,convergence,1
345,0.7313690600795478,convergence,1
346,0.7313690600795478,convergence,1
347,0.7313690600795478,convergence,1
348,0.742516223571279,convergence,1
349,0.742516223571279,convergence,1
350,0.742516223571279,convergence,1
351,0.742516223571279,convergence,1
352,0.742516223571279,convergence,1
353,0.742516223571279,convergence,1
354,0.742516223571279,convergence,1
355,0.742516223571279,convergence,1
356,0.742516223571279,convergence,1
357,0.742516223571279,convergence,1
358,0.742516223571279,convergence,1
359,0.742516223571279,convergence,1
360,0.742516223571279,convergence,1
361,0.742516223571279,convergence,1
362,0.742516223571279,convergence,1
363,0.742516223571279,convergence,1
364,0.742516223571279,convergence,1
365,0.742516223571279,convergence,1
366,0.742516223571279,convergence,1
367,0.742516223571279,convergence,1
368,0.742516223571279,convergence,1
369,0.742516223571279,convergence,1
370,0.742516223571279,convergence,1
371,0.742516223571279,convergence,1
372,0.742516223571279,convergence,1
373,0.742516223571279,convergence,1
374,0.742516223571279,convergence,1
375,0.742516223571279,convergence,1
376,0.742516223571279,convergence,1
377,0.742516223571279,convergence,1
378,0.742516223571279,convergence,1
379,0.742516223571279,convergence,1
380,0.742516223571279,convergence,1
381,0.742516223571279,convergence,1
382,0.742516223571279,convergence,1
383,0.742516223571279,convergence,1
384,0.742516223571279,convergence,1
385,0.742516223571279,convergence,1
386,0.742516223571279,convergence,1
387,0.742516223571279,convergence,1
388,0.742516223571279,convergence,1
389,0.742516223571279,convergence,1
390,0.742516223571279,convergence,1
391,0.742516223571279,convergence,1
392,0.742516223571279,convergence,1
393,0.742516223571279,convergence,1
394,0.742516223571279,convergence,1
395,0.742516223571279,convergence,1
396,0.742516223571279,convergence,1
397,0.742516223571279,convergence,1
398,0.742516223571279,convergence,1
399,0.742516223571279,convergence,1
400,0.742516223571279,convergence,1
401,0.742516223571279,convergence,1
402,0.742516223571279,convergence,1
403,0.742516223571279,convergence,1
404,0.742516223571279,convergence,1
405,0.742516223571279,convergence,1
406,0.7501046682018003,convergence,1
407,0.7501046682018003,convergence,1
408,0.7501046682018003,convergence,1
409,0.7501046682018003,convergence,1
410,0.7501046682018003,convergence,1
411,0.7501046682018003,convergence,1
412,0.7501046682018003,convergence,1
413,0.7501046682018003,convergence,1
414,0.7501046682018003,convergence,1
415,0.7501046682018003,convergence,1
416,0.7536633870630103,convergence,1
417,0.7536633870630103,convergence,1
418,0.7536633870630103,convergence,1
419,0.7536633870630103,convergence,1
420,0.7536633870630103,convergence,1
421,0.7536633870630103,convergence,1
422,0.7536633870630103,convergence,1
423,0.7536633870630103,convergence,1
424,0.7536633870630103,convergence,1
425,0.7554427464936153,convergence,1
426,0.7554427464936153,convergence,1
427,0.7554427464936153,convergence,1
428,0.7554427464936153,convergence,1
429,0.7554427464936153,convergence,1
430,0.7554427464936153,convergence,1
431,0.7554427464936153,convergence,1
432,0.7554427464936153,convergence,1
433,0.7554427464936153,convergence,1
434,0.7554427464936153,convergence,1
435,0.7701486288465564,convergence,1
436,0.7701486288465564,convergence,1
437,0.7701486288465564,convergence,1
438,0.7701486288465564,convergence,1
439,0.7701486288465564,convergence,1
440,0.7701486288465564,convergence,1
441,0.7701486288465564,convergence,1
442,0.7701486288465564,convergence,1
443,0.7701486288465564,convergence,1
444,0.7701486288465564,convergence,1
445,0.7701486288465564,convergence,1
446,0.7719279882771615,convergence,1
447,0.7719279882771615,convergence,1
448,0.7719279882771615,convergence,1
449,0.7719279882771615,convergence,1
450,0.7719279882771615,convergence,1
451,0.7719279882771615,convergence,1
452,0.7719279882771615,convergence,1
453,0.7719279882771615,convergence,1
454,0.7719279882771615,convergence,1
455,0.7830751517688926,convergence,1
456,0.7830751517688926,convergence,1
457,0.7830751517688926,convergence,1
458,0.7830751517688926,convergence,1
459,0.7830751517688926,convergence,1
460,0.7866338706301026,convergence,1
461,0.7866338706301026,convergence,1
462,0.7866338706301026,convergence,1
463,0.7866338706301026,convergence,1
464,0.7866338706301026,convergence,1
465,0.7866338706301026,convergence,1
466,0.7866338706301026,convergence,1
467,0.7866338706301026,convergence,1
468,0.7866338706301026,convergence,1
469,0.7866338706301026,convergence,1
470,0.7866338706301026,convergence,1
471,0.7866338706301026,convergence,1
472,0.7866338706301026,convergence,1
473,0.7866338706301026,convergence,1
474,0.7866338706301026,convergence,1
475,0.7866338706301026,convergence,1
476,0.7866338706301026,convergence,1
477,0.7866338706301026,convergence,1
478,0.7866338706301026,convergence,1
479,0.7866338706301026,convergence,1
480,0.7866338706301026,convergence,1
481,0.7866338706301026,convergence,1
482,0.7866338706301026,convergence,1
483,0.7866338706301026,convergence,1
484,0.7924429558300188,convergence,1
485,0.7924429558300188,convergence,1
486,0.7924429558300188,convergence,1
487,0.7924429558300188,convergence,1
488,0.7924429558300188,convergence,1
489,0.7924429558300188,convergence,1
490,0.7924429558300188,convergence,1
491,0.7924429558300188,convergence,1
492,0.7924429558300188,convergence,1
493,0.7924429558300188,convergence,1
494,0.7924429558300188,convergence,1
495,0.7924429558300188,convergence,1
496,0.7924429558300188,convergence,1
497,0.7924429558300188,convergence,1
498,0.8013397529830437,convergence,1
499,0.8013397529830437,convergence,1
500,0.8013397529830437,convergence,1
501,0.8013397529830437,convergence,1
502,0.8013397529830437,convergence,1
503,0.8013397529830437,convergence,1
504,0.8013397529830437,convergence,1
505,0.8013397529830437,convergence,1
506,0.8013397529830437,convergence,1
507,0.8013397529830437,convergence,1
508,0.8013397529830437,convergence,1
509,0.8013397529830437,convergence,1
510,0.8013397529830437,convergence,1
511,0.8013397529830437,convergence,1
512,0.8013397529830437,convergence,1
513,0.8013397529830437,convergence,1
514,0.8013397529830437,convergence,1
515,0.8013397529830437,convergence,1
516,0.8013397529830437,convergence,1
517,0.8013397529830437,convergence,1
518,0.8013397529830437,convergence,1
519,0.8013397529830437,convergence,1
520,0.8013397529830437,convergence,1
521,0.8013397529830437,convergence,1
522,0.8013397529830437,convergence,1
523,0.8013397529830437,convergence,1
524,0.8013397529830437,convergence,1
525,0.8013397529830437,convergence,1
526,0.8013397529830437,convergence,1
527,0.8013397529830437,convergence,1
528,0.8013397529830437,convergence,1
529,0.8013397529830437,convergence,1
530,0.8013397529830437,convergence,1
531,0.8013397529830437,convergence,1
532,0.8013397529830437,convergence,1
533,0.8013397529830437,convergence,1
534,0.8013397529830437,convergence,1
535,0.8013397529830437,convergence,1
536,0.8013397529830437,convergence,1
537,0.8013397529830437,convergence,1
538,0.8013397529830437,convergence,1
539,0.8013397529830437,convergence,1
540,0.8013397529830437,convergence,1
541,0.8013397529830437,convergence,1
542,0.8013397529830437,convergence,1
543,0.8013397529830437,convergence,1
544,0.8013397529830437,convergence,1
545,0.8031191124136488,convergence,1
546,0.8031191124136488,convergence,1
547,0.8031191124136488,convergence,1
548,0.8031191124136488,convergence,1
549,0.8031191124136488,convergence,1
550,0.8031191124136488,convergence,1
551,0.8031191124136488,convergence,1
552,0.8031191124136488,convergence,1
553,0.8031191124136488,convergence,1
554,0.8031191124136488,convergence,1
555,0.8031191124136488,convergence,1
556,0.8031191124136488,convergence,1
557,0.8031191124136488,convergence,1
558,0.8031191124136488,convergence,1
559,0.8031191124136488,convergence,1
560,0.8031191124136488,convergence,1
561,0.8031191124136488,convergence,1
562,0.8031191124136488,convergence,1
563,0.8031191124136488,convergence,1
564,0.8031191124136488,convergence,1
565,0.8031191124136488,convergence,1
566,0.8031191124136488,convergence,1
567,0.8031191124136488,convergence,1
568,0.8031191124136488,convergence,1
569,0.8053694787523551,convergence,1
570,0.8053694787523551,convergence,1
571,0.8053694787523551,convergence,1
572,0.8053694787523551,convergence,1
573,0.8053694787523551,convergence,1
574,0.8053694787523551,convergence,1
575,0.80714883818296,convergence,1
576,0.808928197613565,convergence,1
577,0.808928197613565,convergence,1
578,0.808928197613565,convergence,1
579,0.808928197613565,convergence,1
580,0.808928197613565,convergence,1
581,0.808928197613565,convergence,1
582,0.808928197613565,convergence,1
583,0.808928197613565,convergence,1
584,0.808928197613565,convergence,1
585,0.808928197613565,convergence,1
586,0.808928197613565,convergence,1
587,0.808928197613565,convergence,1
588,0.808928197613565,convergence,1
589,0.808928197613565,convergence,1
590,0.808928197613565,convergence,1
591,0.8271927988277161,convergence,1
592,0.8289721582583212,convergence,1
593,0.8289721582583212,convergence,1
594,0.8289721582583212,convergence,1
595,0.8289721582583212,convergence,1
596,0.8289721582583212,convergence,1
597,0.8289721582583212,convergence,1
598,0.8289721582583212,convergence,1
599,0.8307515176889261,convergence,1
600,0.8454574000418673,convergence,1
601,0.8454574000418673,convergence,1
602,0.8454574000418673,convergence,1
603,0.8454574000418673,convergence,1
604,0.8454574000418673,convergence,1
605,0.8454574000418673,convergence,1
606,0.8454574000418673,convergence,1
607,0.8472367594724722,convergence,1
608,0.8472367594724722,convergence,1
609,0.8472367594724722,convergence,1
610,0.8472367594724722,convergence,1
611,0.8472367594724722,convergence,1
612,0.8472367594724722,convergence,1
613,0.8472367594724722,convergence,1
614,0.8472367594724722,convergence,1
615,0.8472367594724722,convergence,1
616,0.8472367594724722,convergence,1
617,0.8472367594724722,convergence,1
618,0.8472367594724722,convergence,1
619,0.8472367594724722,convergence,1
620,0.8472367594724722,convergence,1
621,0.8472367594724722,convergence,1
622,0.8472367594724722,convergence,1
623,0.8472367594724722,convergence,1
624,0.8472367594724722,convergence,1
625,0.8472367594724722,convergence,1
626,0.8472367594724722,convergence,1
627,0.8472367594724722,convergence,1
628,0.8472367594724722,convergence,1
629,0.8472367594724722,convergence,1
630,0.8472367594724722,convergence,1
631,0.8472367594724722,convergence,1
632,0.8472367594724722,convergence,1
633,0.8472367594724722,convergence,1
634,0.8472367594724722,convergence,1
635,0.8472367594724722,convergence,1
636,0.8472367594724722,convergence,1
637,0.8472367594724722,convergence,1
638,0.8472367594724722,convergence,1
639,0.8472367594724722,convergence,1
640,0.8472367594724722,convergence,1
641,0.8472367594724722,convergence,1
642,0.8472367594724722,convergence,1
643,0.8472367594724722,convergence,1
644,0.8472367594724722,convergence,1
645,0.8472367594724722,convergence,1
646,0.8472367594724722,convergence,1
647,0.8472367594724722,convergence,1
648,0.8472367594724722,convergence,1
649,0.8472367594724722,convergence,1
650,0.8472367594724722,convergence,1
651,0.8472367594724722,convergence,1
652,0.8472367594724722,convergence,1
653,0.8472367594724722,convergence,1
654,0.8472367594724722,convergence,1
655,0.8472367594724722,convergence,1
656,0.8472367594724722,convergence,1
657,0.8472367594724722,convergence,1
658,0.8472367594724722,convergence,1
659,0.8472367594724722,convergence,1
660,0.8472367594724722,convergence,1
661,0.8472367594724722,convergence,1
662,0.8472367594724722,convergence,1
663,0.8472367594724722,convergence,1
664,0.8472367594724722,convergence,1
665,0.8472367594724722,convergence,1
666,0.8472367594724722,convergence,1
667,0.8472367594724722,convergence,1
668,0.8472367594724722,convergence,1
669,0.8472367594724722,convergence,1
670,0.8472367594724722,convergence,1
671,0.8472367594724722,convergence,1
672,0.8472367594724722,convergence,1
673,0.8472367594724722,convergence,1
674,0.8472367594724722,convergence,1
675,0.8472367594724722,convergence,1
676,0.8472367594724722,convergence,1
677,0.8472367594724722,convergence,1
678,0.8472367594724722,convergence,1
679,0.8472367594724722,convergence,1
680,0.8472367594724722,convergence,1
681,0.8472367594724722,convergence,1
682,0.8472367594724722,convergence,1
683,0.8472367594724722,convergence,1
684,0.8472367594724722,convergence,1
685,0.8472367594724722,convergence,1
686,0.8472367594724722,convergence,1
687,0.8472367594724722,convergence,1
688,0.8472367594724722,convergence,1
689,0.8472367594724722,convergence,1
690,0.8472367594724722,convergence,1
691,0.8472367594724722,convergence,1
692,0.8472367594724722,convergence,1
693,0.8472367594724722,convergence,1
694,0.8472367594724722,convergence,1
695,0.8472367594724722,convergence,1
696,0.8472367594724722,convergence,1
697,0.8472367594724722,convergence,1
698,0.8472367594724722,convergence,1
699,0.8472367594724722,convergence,1
700,0.8472367594724722,convergence,1
701,0.8472367594724722,convergence,1
702,0.8472367594724722,convergence,1
703,0.8472367594724722,convergence,1
704,0.8472367594724722,convergence,1
705,0.8472367594724722,convergence,1
706,0.8472367594724722,convergence,1
707,0.8472367594724722,convergence,1
708,0.8472367594724722,convergence,1
709,0.8472367594724722,convergence,1
710,0.8472367594724722,convergence,1
711,0.8472367594724722,convergence,1
712,0.8472367594724722,convergence,1
713,0.8472367594724722,convergence,1
714,0.8472367594724722,convergence,1
715,0.8472367594724722,convergence,1
716,0.8472367594724722,convergence,1
717,0.8472367594724722,convergence,1
718,0.8472367594724722,convergence,1
719,0.8472367594724722,convergence,1
720,0.8472367594724722,convergence,1
721,0.8472367594724722,convergence,1
722,0.8472367594724722,convergence,1
723,0.8472367594724722,convergence,1
724,0.8472367594724722,convergence,1
725,0.8472367594724722,convergence,1
726,0.8472367594724722,convergence,1
727,0.8472367594724722,convergence,1
728,0.8472367594724722,convergence,1
729,0.8472367594724722,convergence,1
730,0.8472367594724722,convergence,1
731,0.8472367594724722,convergence,1
732,0.8472367594724722,convergence,1
733,0.8472367594724722,convergence,1
734,0.8472367594724722,convergence,1
735,0.8472367594724722,convergence,1
736,0.8472367594724722,convergence,1
737,0.8472367594724722,convergence,1
738,0.8472367594724722,convergence,1
739,0.8472367594724722,convergence,1
740,0.8472367594724722,convergence,1
741,0.8472367594724722,convergence,1
742,0.8472367594724722,convergence,1
743,0.8472367594724722,convergence,1
744,0.8472367594724722,convergence,1
745,0.8472367594724722,convergence,1
746,0.8472367594724722,convergence,1
747,0.8472367594724722,convergence,1
748,0.8472367594724722,convergence,1
749,0.8472367594724722,convergence,1
750,0.8472367594724722,convergence,1
751,0.8472367594724722,convergence,1
752,0.8472367594724722,convergence,1
753,0.8472367594724722,convergence,1
754,0.8472367594724722,convergence,1
755,0.8472367594724722,convergence,1
756,0.8472367594724722,convergence,1
757,0.8472367594724722,convergence,1
758,0.8472367594724722,convergence,1
759,0.8472367594724722,convergence,1
760,0.8472367594724722,convergence,1
761,0.8472367594724722,convergence,1
762,0.8472367594724722,convergence,1
763,0.8472367594724722,convergence,1
764,0.8472367594724722,convergence,1
765,0.8472367594724722,convergence,1
766,0.8472367594724722,convergence,1
767,0.8472367594724722,convergence,1
768,0.8472367594724722,convergence,1
769,0.8472367594724722,convergence,1
770,0.8472367594724722,convergence,1
771,0.8472367594724722,convergence,1
772,0.8472367594724722,convergence,1
773,0.8472367594724722,convergence,1
774,0.8472367594724722,convergence,1
775,0.8472367594724722,convergence,1
776,0.8472367594724722,convergence,1
777,0.8472367594724722,convergence,1
778,0.8472367594724722,convergence,1
779,0.8472367594724722,convergence,1
780,0.8472367594724722,convergence,1
781,0.8472367594724722,convergence,1
782,0.8472367594724722,convergence,1
783,0.8472367594724722,convergence,1
784,0.8472367594724722,convergence,1
785,0.8472367594724722,convergence,1
786,0.8472367594724722,convergence,1
787,0.8472367594724722,convergence,1
788,0.8472367594724722,convergence,1
789,0.8472367594724722,convergence,1
790,0.8472367594724722,convergence,1
791,0.8472367594724722,convergence,1
792,0.8472367594724722,convergence,1
793,0.8472367594724722,convergence,1
794,0.8472367594724722,convergence,1
795,0.8472367594724722,convergence,1
796,0.8472367594724722,convergence,1
797,0.8472367594724722,convergence,1
798,0.8472367594724722,convergence,1
799,0.8472367594724722,convergence,1
800,0.8472367594724722,convergence,1
801,0.8472367594724722,convergence,1
802,0.8472367594724722,convergence,1
803,0.8472367594724722,convergence,1
804,0.8472367594724722,convergence,1
805,0.8472367594724722,convergence,1
806,0.8472367594724722,convergence,1
807,0.8472367594724722,convergence,1
808,0.8472367594724722,convergence,1
809,0.8472367594724722,convergence,1
810,0.8472367594724722,convergence,1
811,0.8472367594724722,convergence,1
812,0.8472367594724722,convergence,1
813,0.8472367594724722,convergence,1
814,0.8472367594724722,convergence,1
815,0.8472367594724722,convergence,1
816,0.8472367594724722,convergence,1
817,0.8472367594724722,convergence,1
818,0.8472367594724722,convergence,1
819,0.8472367594724722,convergence,1
820,0.8472367594724722,convergence,1
821,0.8472367594724722,convergence,1
822,0.8472367594724722,convergence,1
823,0.8472367594724722,convergence,1
824,0.8472367594724722,convergence,1
825,0.8472367594724722,convergence,1
826,0.8472367594724722,convergence,1
827,0.8472367594724722,convergence,1
828,0.8472367594724722,convergence,1
829,0.8472367594724722,convergence,1
830,0.8472367594724722,convergence,1
831,0.8472367594724722,convergence,1
832,0.8472367594724722,convergence,1
833,0.8490161189030772,convergence,1
834,0.8490161189030772,convergence,1
835,0.8490161189030772,convergence,1
836,0.8490161189030772,convergence,1
837,0.8490161189030772,convergence,1
838,0.8490161189030772,convergence,1
839,0.8490161189030772,convergence,1
840,0.8490161189030772,convergence,1
841,0.8525748377642872,convergence,1
842,0.8525748377642872,convergence,1
843,0.8525748377642872,convergence,1
844,0.8525748377642872,convergence,1
845,0.8525748377642872,convergence,1
846,0.8525748377642872,convergence,1
847,0.8525748377642872,convergence,1
848,0.8525748377642872,convergence,1
849,0.8525748377642872,convergence,1
850,0.8525748377642872,convergence,1
851,0.8525748377642872,convergence,1
852,0.8525748377642872,convergence,1
853,0.8525748377642872,convergence,1
854,0.8525748377642872,convergence,1
855,0.8525748377642872,convergence,1
856,0.8525748377642872,convergence,1
857,0.8525748377642872,convergence,1
858,0.8525748377642872,convergence,1
859,0.8525748377642872,convergence,1
860,0.8525748377642872,convergence,1
861,0.8525748377642872,convergence,1
862,0.8525748377642872,convergence,1
863,0.8525748377642872,convergence,1
864,0.8601632823948084,convergence,1
865,0.8601632823948084,convergence,1
866,0.8601632823948084,convergence,1
867,0.8601632823948084,convergence,1
868,0.8601632823948084,convergence,1
869,0.8601632823948084,convergence,1
870,0.8601632823948084,convergence,1
871,0.8601632823948084,convergence,1
872,0.8601632823948084,convergence,1
873,0.8601632823948084,convergence,1
874,0.8601632823948084,convergence,1
875,0.8601632823948084,convergence,1
876,0.8601632823948084,convergence,1
877,0.8601632823948084,convergence,1
878,0.8601632823948084,convergence,1
879,0.8601632823948084,convergence,1
880,0.8601632823948084,convergence,1
881,0.8601632823948084,convergence,1
882,0.8601632823948084,convergence,1
883,0.8601632823948084,convergence,1
884,0.8601632823948084,convergence,1
885,0.8601632823948084,convergence,1
886,0.8601632823948084,convergence,1
887,0.8619426418254135,convergence,1
888,0.8619426418254135,convergence,1
889,0.8619426418254135,convergence,1
890,0.8619426418254135,convergence,1
891,0.8619426418254135,convergence,1
892,0.8619426418254135,convergence,1
893,0.8619426418254135,convergence,1
894,0.8619426418254135,convergence,1
895,0.8619426418254135,convergence,1
896,0.8619426418254135,convergence,1
897,0.8619426418254135,convergence,1
898,0.8619426418254135,convergence,1
899,0.8619426418254135,convergence,1
900,0.8619426418254135,convergence,1
901,0.8619426418254135,convergence,1
902,0.8619426418254135,convergence,1
903,0.8619426418254135,convergence,1
904,0.8619426418254135,convergence,1
905,0.8619426418254135,convergence,1
906,0.8619426418254135,convergence,1
907,0.8619426418254135,convergence,1
908,0.8619426418254135,convergence,1
909,0.8619426418254135,convergence,1
910,0.8619426418254135,convergence,1
911,0.8619426418254135,convergence,1
912,0.8619426418254135,convergence,1
913,0.8619426418254135,convergence,1
914,0.8619426418254135,convergence,1
915,0.8619426418254135,convergence,1
916,0.8619426418254135,convergence,1
917,0.8619426418254135,convergence,1
918,0.8619426418254135,convergence,1
919,0.8637220012560184,convergence,1
920,0.8637220012560184,convergence,1
921,0.8637220012560184,convergence,1
922,0.8637220012560184,convergence,1
923,0.8637220012560184,convergence,1
924,0.8637220012560184,convergence,1
925,0.8637220012560184,convergence,1
926,0.8637220012560184,convergence,1
927,0.8637220012560184,convergence,1
928,0.8637220012560184,convergence,1
929,0.8637220012560184,convergence,1
930,0.8637220012560184,convergence,1
931,0.8637220012560184,convergence,1
932,0.8637220012560184,convergence,1
933,0.8637220012560184,convergence,1
934,0.8637220012560184,convergence,1
935,0.8637220012560184,convergence,1
936,0.8637220012560184,convergence,1
937,0.8655013606866233,convergence,1
938,0.8655013606866233,convergence,1
939,0.8655013606866233,convergence,1
940,0.8655013606866233,convergence,1
941,0.8655013606866233,convergence,1
942,0.8655013606866233,convergence,1
943,0.8655013606866233,convergence,1
944,0.8655013606866233,convergence,1
945,0.8655013606866233,convergence,1
946,0.8655013606866233,convergence,1
947,0.8655013606866233,convergence,1
948,0.8655013606866233,convergence,1
949,0.8655013606866233,convergence,1
950,0.8655013606866233,convergence,1
951,0.8655013606866233,convergence,1
952,0.8655013606866233,convergence,1
953,0.8655013606866233,convergence,1
954,0.8655013606866233,convergence,1
955,0.8655013606866233,convergence,1
956,0.8655013606866233,convergence,1
957,0.8655013606866233,convergence,1
958,0.8655013606866233,convergence,1
959,0.8655013606866233,convergence,1
960,0.8655013606866233,convergence,1
961,0.8655013606866233,convergence,1
962,0.8655013606866233,convergence,1
963,0.8655013606866233,convergence,1
964,0.8655013606866233,convergence,1
965,0.8655013606866233,convergence,1
966,0.8655013606866233,convergence,1
967,0.8655013606866233,convergence,1
968,0.8655013606866233,convergence,1
969,0.8655013606866233,convergence,1
970,0.8655013606866233,convergence,1
971,0.8655013606866233,convergence,1
972,0.8655013606866233,convergence,1
973,0.8655013606866233,convergence,1
974,0.8655013606866233,convergence,1
975,0.8655013606866233,convergence,1
976,0.8655013606866233,convergence,1
977,0.8655013606866233,convergence,1
978,0.8655013606866233,convergence,1
979,0.8655013606866233,convergence,1
980,0.8655013606866233,convergence,1
981,0.8655013606866233,convergence,1
982,0.8655013606866233,convergence,1
983,0.8655013606866233,convergence,1
984,0.8655013606866233,convergence,1
985,0.8655013606866233,convergence,1
986,0.8655013606866233,convergence,1
987,0.8655013606866233,convergence,1
988,0.8655013606866233,convergence,1
989,0.8655013606866233,convergence,1
990,0.8655013606866233,convergence,1
991,0.8655013606866233,convergence,1
992,0.8655013606866233,convergence,1
993,0.8655013606866233,convergence,1
994,0.8655013606866233,convergence,1
995,0.8655013606866233,convergence,1
996,0.8655013606866233,convergence,1
997,0.8655013606866233,convergence,1
998,0.8655013606866233,convergence,1
999,0.8655013606866233,convergence,1
1000,0.8655013606866233,convergence,1
1001,0.8655013606866233,convergence,1
1002,0.8655013606866233,convergence,1
1003,0.8655013606866233,convergence,1
1004,0.8655013606866233,convergence,1
1005,0.8655013606866233,convergence,1
1006,0.8655013606866233,convergence,1
1007,0.8655013606866233,convergence,1
1008,0.8655013606866233,convergence,1
1009,0.8655013606866233,convergence,1
1010,0.8655013606866233,convergence,1
1011,0.8655013606866233,convergence,1
1012,0.8655013606866233,convergence,1
1013,0.8655013606866233,convergence,1
1014,0.8655013606866233,convergence,1
1015,0.8655013606866233,convergence,1
1016,0.8655013606866233,convergence,1
1017,0.8655013606866233,convergence,1
1018,0.8655013606866233,convergence,1
1019,0.8655013606866233,convergence,1
1020,0.8655013606866233,convergence,1
1021,0.8655013606866233,convergence,1
1022,0.8655013606866233,convergence,1
1023,0.8655013606866233,convergence,1
1024,0.8655013606866233,convergence,1
1025,0.8655013606866233,convergence,1
1026,0.8655013606866233,convergence,1
1027,0.8655013606866233,convergence,1
1028,0.8655013606866233,convergence,1
1029,0.8655013606866233,convergence,1
1030,0.8655013606866233,convergence,1
1031,0.8655013606866233,convergence,1
1032,0.8655013606866233,convergence,1
1033,0.8655013606866233,convergence,1
1034,0.8655013606866233,convergence,1
1035,0.8655013606866233,convergence,1
1036,0.8655013606866233,convergence,1
1037,0.8655013606866233,convergence,1
1038,0.8655013606866233,convergence,1
1039,0.8655013606866233,convergence,1
1040,0.8655013606866233,convergence,1
1041,0.8655013606866233,convergence,1
1042,0.8655013606866233,convergence,1
1043,0.8655013606866233,convergence,1
1044,0.8655013606866233,convergence,1
1045,0.8655013606866233,convergence,1
1046,0.8655013606866233,convergence,1
1047,0.8672807201172283,convergence,1
1048,0.8672807201172283,convergence,1
1049,0.8672807201172283,convergence,1
1050,0.8672807201172283,convergence,1
1051,0.8672807201172283,convergence,1
1052,0.8672807201172283,convergence,1
1053,0.8672807201172283,convergence,1
1054,0.8672807201172283,convergence,1
1055,0.8672807201172283,convergence,1
1056,0.8672807201172283,convergence,1
1057,0.8672807201172283,convergence,1
1058,0.8672807201172283,convergence,1
1059,0.8672807201172283,convergence,1
1060,0.8672807201172283,convergence,1
1061,0.8672807201172283,convergence,1
1062,0.8672807201172283,convergence,1
1063,0.8672807201172283,convergence,1
1064,0.8672807201172283,convergence,1
1065,0.8672807201172283,convergence,1
1066,0.8672807201172283,convergence,1
1067,0.8672807201172283,convergence,1
1068,0.8672807201172283,convergence,1
1069,0.8672807201172283,convergence,1
1070,0.8672807201172283,convergence,1
1071,0.8672807201172283,convergence,1
1072,0.8672807201172283,convergence,1
1073,0.8672807201172283,convergence,1
1074,0.8672807201172283,convergence,1
1075,0.8672807201172283,convergence,1
1076,0.8672807201172283,convergence,1
1077,0.8672807201172283,convergence,1
1078,0.8672807201172283,convergence,1
1079,0.8672807201172283,convergence,1
1080,0.8672807201172283,convergence,1
1081,0.8672807201172283,convergence,1
1082,0.8672807201172283,convergence,1
1083,0.8672807201172283,convergence,1
1084,0.8672807201172283,convergence,1
1085,0.8672807201172283,convergence,1
1086,0.8672807201172283,convergence,1
1087,0.8672807201172283,convergence,1
1088,0.8672807201172283,convergence,1
1089,0.8672807201172283,convergence,1
1090,0.8672807201172283,convergence,1
1091,0.8672807201172283,convergence,1
1092,0.8672807201172283,convergence,1
1093,0.8672807201172283,convergence,1
1094,0.8672807201172283,convergence,1
1095,0.8672807201172283,convergence,1
1096,0.8672807201172283,convergence,1
1097,0.8672807201172283,convergence,1
1098,0.8672807201172283,convergence,1
1099,0.8672807201172283,convergence,1
1100,0.8672807201172283,convergence,1
1101,0.8672807201172283,convergence,1
1102,0.8672807201172283,convergence,1
1103,0.8672807201172283,convergence,1
1104,0.8672807201172283,convergence,1
1105,0.8672807201172283,convergence,1
1106,0.8672807201172283,convergence,1
1107,0.8672807201172283,convergence,1
1108,0.8672807201172283,convergence,1
1109,0.8672807201172283,convergence,1
1110,0.8672807201172283,convergence,1
1111,0.8672807201172283,convergence,1
1112,0.8672807201172283,convergence,1
1113,0.8672807201172283,convergence,1
1114,0.8672807201172283,convergence,1
1115,0.8672807201172283,convergence,1
1116,0.8672807201172283,convergence,1
1117,0.8672807201172283,convergence,1
1118,0.8672807201172283,convergence,1
1119,0.8672807201172283,convergence,1
1120,0.8672807201172283,convergence,1
1121,0.8672807201172283,convergence,1
1122,0.8672807201172283,convergence,1
1123,0.8672807201172283,convergence,1
1124,0.8672807201172283,convergence,1
1125,0.8672807201172283,convergence,1
1126,0.8672807201172283,convergence,1
1127,0.8672807201172283,convergence,1
1128,0.8672807201172283,convergence,1
1129,0.8672807201172283,convergence,1
1130,0.8672807201172283,convergence,1
1131,0.8672807201172283,convergence,1
1132,0.8672807201172283,convergence,1
1133,0.8672807201172283,convergence,1
1134,0.8672807201172283,convergence,1
1135,0.8672807201172283,convergence,1
1136,0.8672807201172283,convergence,1
1137,0.8672807201172283,convergence,1
1138,0.8672807201172283,convergence,1
1139,0.8672807201172283,convergence,1
1140,0.8672807201172283,convergence,1
1141,0.8672807201172283,convergence,1
1142,0.8672807201172283,convergence,1
1143,0.8672807201172283,convergence,1
1144,0.8672807201172283,convergence,1
1145,0.8672807201172283,convergence,1
1146,0.8672807201172283,convergence,1
1147,0.8672807201172283,convergence,1
1148,0.8672807201172283,convergence,1
1149,0.8672807201172283,convergence,1
1150,0.8672807201172283,convergence,1
1151,0.8672807201172283,convergence,1
1152,0.8672807201172283,convergence,1
1153,0.8672807201172283,convergence,1
1154,0.8672807201172283,convergence,1
1155,0.8672807201172283,convergence,1
1156,0.8672807201172283,convergence,1
1157,0.8672807201172283,convergence,1
1158,0.8672807201172283,convergence,1
1159,0.8672807201172283,convergence,1
1160,0.8672807201172283,convergence,1
1161,0.8672807201172283,convergence,1
1162,0.8672807201172283,convergence,1
1163,0.8672807201172283,convergence,1
1164,0.8672807201172283,convergence,1
1165,0.8672807201172283,convergence,1
1166,0.8672807201172283,convergence,1
1167,0.8672807201172283,convergence,1
1168,0.8672807201172283,convergence,1
1169,0.8672807201172283,convergence,1
1170,0.8672807201172283,convergence,1
1171,0.8672807201172283,convergence,1
1172,0.8672807201172283,convergence,1
1173,0.8672807201172283,convergence,1
1174,0.8672807201172283,convergence,1
1175,0.8672807201172283,convergence,1
1176,0.8672807201172283,convergence,1
1177,0.8672807201172283,convergence,1
1178,0.8672807201172283,convergence,1
1179,0.8672807201172283,convergence,1
1180,0.8672807201172283,convergence,1
1181,0.8672807201172283,convergence,1
1182,0.8672807201172283,convergence,1
1183,0.8672807201172283,convergence,1
1184,0.8672807201172283,convergence,1
1185,0.8672807201172283,convergence,1
1186,0.8672807201172283,convergence,1
1187,0.8672807201172283,convergence,1
1188,0.8672807201172283,convergence,1
1189,0.8672807201172283,convergence,1
1190,0.8672807201172283,convergence,1
1191,0.8672807201172283,convergence,1
1192,0.8672807201172283,convergence,1
1193,0.8672807201172283,convergence,1
1194,0.8672807201172283,convergence,1
1195,0.8672807201172283,convergence,1
1196,0.8672807201172283,convergence,1
1197,0.8672807201172283,convergence,1
1198,0.8672807201172283,convergence,1
1199,0.8672807201172283,convergence,1
1200,0.8672807201172283,convergence,1
1201,0.8672807201172283,convergence,1
1202,0.8672807201172283,convergence,1
1203,0.8672807201172283,convergence,1
1204,0.8672807201172283,convergence,1
1205,0.8672807201172283,convergence,1
1206,0.8672807201172283,convergence,1
1207,0.8672807201172283,convergence,1
1208,0.8672807201172283,convergence,1
1209,0.8672807201172283,convergence,1
1210,0.8672807201172283,convergence,1
1211,0.8672807201172283,convergence,1
1212,0.8672807201172283,convergence,1
1213,0.8672807201172283,convergence,1
1214,0.8672807201172283,convergence,1
1215,0.8672807201172283,convergence,1
1216,0.8672807201172283,convergence,1
1217,0.8672807201172283,convergence,1
1218,0.8672807201172283,convergence,1
1219,0.8672807201172283,convergence,1
1220,0.8672807201172283,convergence,1
1221,0.8672807201172283,convergence,1
1222,0.8672807201172283,convergence,1
1223,0.8672807201172283,convergence,1
1224,0.8672807201172283,convergence,1
1225,0.8672807201172283,convergence,1
1226,0.8672807201172283,convergence,1
1227,0.8672807201172283,convergence,1
1228,0.8672807201172283,convergence,1
1229,0.8672807201172283,convergence,1
1230,0.8672807201172283,convergence,1
1231,0.8672807201172283,convergence,1
1232,0.8672807201172283,convergence,1
1233,0.8672807201172283,convergence,1
1234,0.8672807201172283,convergence,1
1235,0.8672807201172283,convergence,1
1236,0.8672807201172283,convergence,1
1237,0.8672807201172283,convergence,1
1238,0.8672807201172283,convergence,1
1239,0.8672807201172283,convergence,1
1240,0.8672807201172283,convergence,1
1241,0.8672807201172283,convergence,1
1242,0.8672807201172283,convergence,1
1243,0.8672807201172283,convergence,1
1244,0.8672807201172283,convergence,1
1245,0.8672807201172283,convergence,1
1246,0.8672807201172283,convergence,1
1247,0.8672807201172283,convergence,1
1248,0.8672807201172283,convergence,1
1249,0.8672807201172283,convergence,1
1250,0.8672807201172283,convergence,1
1251,0.8672807201172283,convergence,1
1252,0.8672807201172283,convergence,1
1253,0.8672807201172283,convergence,1
1254,0.8672807201172283,convergence,1
1255,0.8672807201172283,convergence,1
1256,0.8672807201172283,convergence,1
1257,0.8672807201172283,convergence,1
1258,0.8672807201172283,convergence,1
1259,0.8672807201172283,convergence,1
1260,0.8690600795478334,convergence,1
1261,0.8690600795478334,convergence,1
1262,0.8690600795478334,convergence,1
1263,0.8690600795478334,convergence,1
1264,0.8690600795478334,convergence,1
1265,0.8690600795478334,convergence,1
1266,0.8690600795478334,convergence,1
1267,0.8690600795478334,convergence,1
1268,0.8690600795478334,convergence,1
1269,0.8690600795478334,convergence,1
1270,0.8690600795478334,convergence,1
1271,0.8690600795478334,convergence,1
1272,0.8690600795478334,convergence,1
1273,0.8690600795478334,convergence,1
1274,0.8690600795478334,convergence,1
1275,0.8690600795478334,convergence,1
1276,0.8690600795478334,convergence,1
1277,0.8690600795478334,convergence,1
1278,0.8690600795478334,convergence,1
1279,0.8690600795478334,convergence,1
1280,0.8690600795478334,convergence,1
1281,0.8690600795478334,convergence,1
1282,0.8690600795478334,convergence,1
1283,0.8690600795478334,convergence,1
1284,0.8690600795478334,convergence,1
1285,0.8690600795478334,convergence,1
1286,0.8690600795478334,convergence,1
1287,0.8690600795478334,convergence,1
1288,0.8690600795478334,convergence,1
1289,0.8690600795478334,convergence,1
1290,0.8690600795478334,convergence,1
1291,0.8690600795478334,convergence,1
1292,0.8690600795478334,convergence,1
1293,0.8690600795478334,convergence,1
1294,0.8690600795478334,convergence,1
1295,0.8690600795478334,convergence,1
1296,0.8690600795478334,convergence,1
1297,0.8690600795478334,convergence,1
1298,0.8690600795478334,convergence,1
1299,0.8690600795478334,convergence,1
1300,0.8690600795478334,convergence,1
1301,0.8690600795478334,convergence,1
1302,0.8690600795478334,convergence,1
1303,0.8690600795478334,convergence,1
1304,0.8690600795478334,convergence,1
1305,0.8690600795478334,convergence,1
1306,0.8690600795478334,convergence,1
1307,0.8690600795478334,convergence,1
1308,0.8690600795478334,convergence,1
1309,0.8690600795478334,convergence,1
1310,0.8690600795478334,convergence,1
1311,0.8690600795478334,convergence,1
1312,0.8690600795478334,convergence,1
1313,0.8690600795478334,convergence,1
1314,0.8690600795478334,convergence,1
1315,0.8690600795478334,convergence,1
1316,0.8690600795478334,convergence,1
1317,0.8690600795478334,convergence,1
1318,0.8690600795478334,convergence,1
1319,0.8690600795478334,convergence,1
1320,0.8690600795478334,convergence,1
1321,0.8690600795478334,convergence,1
1322,0.8690600795478334,convergence,1
1323,0.8690600795478334,convergence,1
1324,0.8690600795478334,convergence,1
1325,0.8690600795478334,convergence,1
1326,0.8690600795478334,convergence,1
1327,0.8690600795478334,convergence,1
1328,0.8690600795478334,convergence,1
1329,0.8690600795478334,convergence,1
1330,0.8690600795478334,convergence,1
1331,0.8690600795478334,convergence,1
1332,0.8690600795478334,convergence,1
1333,0.8690600795478334,convergence,1
1334,0.8690600795478334,convergence,1
1335,0.8690600795478334,convergence,1
1336,0.8690600795478334,convergence,1
1337,0.8690600795478334,convergence,1
1338,0.8690600795478334,convergence,1
1339,0.8690600795478334,convergence,1
1340,0.8690600795478334,convergence,1
1341,0.8690600795478334,convergence,1
1342,0.8690600795478334,convergence,1
1343,0.8690600795478334,convergence,1
1344,0.8690600795478334,convergence,1
1345,0.8690600795478334,convergence,1
1346,0.8690600795478334,convergence,1
1347,0.8690600795478334,convergence,1
1348,0.8690600795478334,convergence,1
1349,0.8690600795478334,convergence,1
1350,0.8690600795478334,convergence,1
1351,0.8690600795478334,convergence,1
1352,0.8690600795478334,convergence,1
1353,0.8690600795478334,convergence,1
1354,0.8690600795478334,convergence,1
1355,0.8690600795478334,convergence,1
1356,0.8690600795478334,convergence,1
1357,0.8690600795478334,convergence,1
1358,0.8690600795478334,convergence,1
1359,0.8690600795478334,convergence,1
1360,0.8690600795478334,convergence,1
1361,0.8690600795478334,convergence,1
1362,0.8690600795478334,convergence,1
1363,0.8690600795478334,convergence,1
1364,0.8690600795478334,convergence,1
1365,0.8690600795478334,convergence,1
1366,0.8690600795478334,convergence,1
1367,0.8690600795478334,convergence,1
1368,0.8690600795478334,convergence,1
1369,0.8690600795478334,convergence,1
1370,0.8690600795478334,convergence,1
1371,0.8690600795478334,convergence,1
1372,0.8690600795478334,convergence,1
1373,0.8690600795478334,convergence,1
1374,0.8690600795478334,convergence,1
1375,0.8690600795478334,convergence,1
1376,0.8690600795478334,convergence,1
1377,0.8690600795478334,convergence,1
1378,0.8690600795478334,convergence,1
1379,0.8690600795478334,convergence,1
1380,0.8690600795478334,convergence,1
1381,0.8690600795478334,convergence,1
1382,0.8690600795478334,convergence,1
1383,0.8690600795478334,convergence,1
1384,0.8690600795478334,convergence,1
1385,0.8690600795478334,convergence,1
1386,0.8690600795478334,convergence,1
1387,0.8784278836089596,convergence,1
1388,0.8784278836089596,convergence,1
1389,0.8784278836089596,convergence,1
1390,0.8802072430395645,convergence,1
1391,0.8802072430395645,convergence,1
1392,0.8802072430395645,convergence,1
1393,0.8802072430395645,convergence,1
1394,0.8802072430395645,convergence,1
1395,0.8802072430395645,convergence,1
1396,0.8802072430395645,convergence,1
1397,0.8802072430395645,convergence,1
1398,0.8802072430395645,convergence,1
1399,0.8802072430395645,convergence,1
1400,0.8802072430395645,convergence,1
1401,0.8802072430395645,convergence,1
1402,0.8802072430395645,convergence,1
1403,0.8802072430395645,convergence,1
1404,0.8802072430395645,convergence,1
1405,0.8802072430395645,convergence,1
1406,0.8802072430395645,convergence,1
1407,0.8802072430395645,convergence,1
1408,0.8802072430395645,convergence,1
1409,0.8802072430395645,convergence,1
1410,0.8802072430395645,convergence,1
1411,0.8802072430395645,convergence,1
1412,0.8802072430395645,convergence,1
1413,0.8802072430395645,convergence,1
1414,0.8802072430395645,convergence,1
1415,0.8802072430395645,convergence,1
1416,0.8802072430395645,convergence,1
1417,0.8802072430395645,convergence,1
1418,0.8802072430395645,convergence,1
1419,0.8802072430395645,convergence,1
1420,0.8802072430395645,convergence,1
1421,0.8802072430395645,convergence,1
1422,0.8802072430395645,convergence,1
1423,0.8802072430395645,convergence,1
1424,0.8802072430395645,convergence,1
1425,0.8802072430395645,convergence,1
1426,0.8802072430395645,convergence,1
1427,0.8802072430395645,convergence,1
1428,0.8802072430395645,convergence,1
1429,0.8802072430395645,convergence,1
1430,0.8802072430395645,convergence,1
1431,0.8802072430395645,convergence,1
1432,0.8802072430395645,convergence,1
1433,0.8802072430395645,convergence,1
1434,0.8802072430395645,convergence,1
1435,0.8802072430395645,convergence,1
1436,0.8802072430395645,convergence,1
1437,0.8802072430395645,convergence,1
1438,0.8802072430395645,convergence,1
1439,0.8802072430395645,convergence,1
1440,0.8802072430395645,convergence,1
1441,0.8802072430395645,convergence,1
1442,0.8802072430395645,convergence,1
1443,0.8802072430395645,convergence,1
1444,0.8802072430395645,convergence,1
1445,0.8802072430395645,convergence,1
1446,0.8802072430395645,convergence,1
1447,0.8802072430395645,convergence,1
1448,0.8802072430395645,convergence,1
1449,0.8802072430395645,convergence,1
1450,0.8802072430395645,convergence,1
1451,0.8802072430395645,convergence,1
1452,0.8802072430395645,convergence,1
1453,0.8802072430395645,convergence,1
1454,0.8802072430395645,convergence,1
1455,0.8802072430395645,convergence,1
1456,0.8802072430395645,convergence,1
1457,0.8802072430395645,convergence,1
1458,0.8802072430395645,convergence,1
1459,0.8802072430395645,convergence,1
1460,0.8802072430395645,convergence,1
1461,0.8802072430395645,convergence,1
1462,0.8802072430395645,convergence,1
1463,0.8802072430395645,convergence,1
1464,0.8802072430395645,convergence,1
1465,0.8802072430395645,convergence,1
1466,0.8802072430395645,convergence,1
1467,0.8802072430395645,convergence,1
1468,0.8802072430395645,convergence,1
1469,0.8802072430395645,convergence,1
1470,0.8802072430395645,convergence,1
1471,0.8802072430395645,convergence,1
1472,0.8802072430395645,convergence,1
1473,0.8802072430395645,convergence,1
1474,0.8802072430395645,convergence,1
1475,0.8802072430395645,convergence,1
1476,0.8802072430395645,convergence,1
1477,0.8802072430395645,convergence,1
1478,0.8802072430395645,convergence,1
1479,0.8802072430395645,convergence,1
1480,0.8802072430395645,convergence,1
1481,0.8802072430395645,convergence,1
1482,0.8802072430395645,convergence,1
1483,0.8802072430395645,convergence,1
1484,0.8895750471006908,convergence,1
1485,0.8895750471006908,convergence,1
1486,0.8895750471006908,convergence,1
1487,0.8895750471006908,convergence,1
1488,0.8895750471006908,convergence,1
1489,0.8913544065312957,convergence,1
1490,0.8913544065312957,convergence,1
1491,0.8913544065312957,convergence,1
1492,0.8913544065312957,convergence,1
1493,0.8913544065312957,convergence,1
1494,0.8913544065312957,convergence,1
1495,0.8913544065312957,convergence,1
1496,0.8913544065312957,convergence,1
1497,0.8913544065312957,convergence,1
1498,0.8913544065312957,convergence,1
1499,0.8913544065312957,convergence,1
1500,0.8913544065312957,convergence,1
1501,0.8913544065312957,convergence,1
1502,0.8913544065312957,convergence,1
1503,0.8913544065312957,convergence,1
1504,0.8913544065312957,convergence,1
1505,0.8913544065312957,convergence,1
1506,0.8913544065312957,convergence,1
1507,0.8913544065312957,convergence,1
1508,0.8913544065312957,convergence,1
1509,0.8913544065312957,convergence,1
1510,0.8913544065312957,convergence,1
1511,0.8913544065312957,convergence,1
1512,0.8913544065312957,convergence,1
1513,0.8913544065312957,convergence,1
1514,0.8913544065312957,convergence,1
1515,0.8913544065312957,convergence,1
1516,0.8913544065312957,convergence,1
1517,0.8913544065312957,convergence,1
1518,0.8913544065312957,convergence,1
1519,0.8913544065312957,convergence,1
1520,0.8913544065312957,convergence,1
1521,0.8931337659619007,convergence,1
1522,0.8931337659619007,convergence,1
1523,0.8931337659619007,convergence,1
1524,0.8931337659619007,convergence,1
1525,0.8931337659619007,convergence,1
1526,0.8931337659619007,convergence,1
1527,0.8931337659619007,convergence,1
1528,0.8931337659619007,convergence,1
1529,0.8931337659619007,convergence,1
1530,0.8931337659619007,convergence,1
1531,0.8931337659619007,convergence,1
1532,0.8931337659619007,convergence,1
1533,0.8931337659619007,convergence,1
1534,0.8931337659619007,convergence,1
1535,0.8931337659619007,convergence,1
1536,0.8931337659619007,convergence,1
1537,0.8931337659619007,convergence,1
1538,0.8931337659619007,convergence,1
1539,0.8931337659619007,convergence,1
1540,0.8931337659619007,convergence,1
1541,0.8949131253925058,convergence,1
1542,0.8949131253925058,convergence,1
1543,0.8949131253925058,convergence,1
1544,0.8949131253925058,convergence,1
1545,0.8949131253925058,convergence,1
1546,0.8949131253925058,convergence,1
1547,0.8949131253925058,convergence,1
1548,0.8949131253925058,convergence,1
1549,0.8949131253925058,convergence,1
1550,0.8949131253925058,convergence,1
1551,0.8949131253925058,convergence,1
1552,0.8949131253925058,convergence,1
1553,0.8949131253925058,convergence,1
1554,0.8949131253925058,convergence,1
1555,0.8949131253925058,convergence,1
1556,0.8949131253925058,convergence,1
1557,0.8949131253925058,convergence,1
1558,0.8949131253925058,convergence,1
1559,0.8949131253925058,convergence,1
1560,0.8949131253925058,convergence,1
1561,0.8949131253925058,convergence,1
1562,0.8949131253925058,convergence,1
1563,0.8949131253925058,convergence,1
1564,0.8949131253925058,convergence,1
1565,0.8949131253925058,convergence,1
1566,0.8949131253925058,convergence,1
1567,0.8949131253925058,convergence,1
1568,0.8949131253925058,convergence,1
1569,0.8966924848231107,convergence,1
1570,0.8966924848231107,convergence,1
1571,0.8966924848231107,convergence,1
1572,0.8966924848231107,convergence,1
1573,0.8966924848231107,convergence,1
1574,0.8966924848231107,convergence,1
1575,0.8966924848231107,convergence,1
1576,0.8966924848231107,convergence,1
1577,0.8966924848231107,convergence,1
1578,0.8966924848231107,convergence,1
1579,0.8966924848231107,convergence,1
1580,0.8966924848231107,convergence,1
1581,0.8966924848231107,convergence,1
1582,0.8966924848231107,convergence,1
1583,0.8966924848231107,convergence,1
1584,0.8966924848231107,convergence,1
1585,0.8966924848231107,convergence,1
1586,0.8966924848231107,convergence,1
1587,0.8966924848231107,convergence,1
1588,0.8966924848231107,convergence,1
1589,0.8966924848231107,convergence,1
1590,0.8966924848231107,convergence,1
1591,0.8966924848231107,convergence,1
1592,0.8966924848231107,convergence,1
1593,0.8966924848231107,convergence,1
1594,0.8966924848231107,convergence,1
1595,0.8966924848231107,convergence,1
1596,0.8966924848231107,convergence,1
1597,0.8966924848231107,convergence,1
1598,0.8966924848231107,convergence,1
1599,0.8966924848231107,convergence,1
1600,0.8966924848231107,convergence,1
1601,0.8966924848231107,convergence,1
1602,0.8966924848231107,convergence,1
1603,0.8966924848231107,convergence,1
1604,0.8966924848231107,convergence,1
1605,0.8966924848231107,convergence,1
1606,0.8966924848231107,convergence,1
1607,0.8966924848231107,convergence,1
1608,0.8966924848231107,convergence,1
1609,0.8966924848231107,convergence,1
1610,0.8966924848231107,convergence,1
1611,0.8966924848231107,convergence,1
1612,0.8966924848231107,convergence,1
1613,0.8966924848231107,convergence,1
1614,0.8966924848231107,convergence,1
1615,0.8966924848231107,convergence,1
1616,0.8966924848231107,convergence,1
1617,0.8966924848231107,convergence,1
1618,0.8966924848231107,convergence,1
1619,0.8966924848231107,convergence,1
1620,0.8966924848231107,convergence,1
1621,0.8966924848231107,convergence,1
1622,0.8966924848231107,convergence,1
1623,0.8966924848231107,convergence,1
1624,0.8966924848231107,convergence,1
1625,0.8966924848231107,convergence,1
1626,0.8966924848231107,convergence,1
1627,0.8966924848231107,convergence,1
1628,0.8966924848231107,convergence,1
1629,0.8966924848231107,convergence,1
1630,0.8966924848231107,convergence,1
1631,0.8966924848231107,convergence,1
1632,0.8966924848231107,convergence,1
1633,0.8966924848231107,convergence,1
1634,0.8966924848231107,convergence,1
1635,0.8966924848231107,convergence,1
1636,0.8966924848231107,convergence,1
1637,0.8966924848231107,convergence,1
1638,0.8966924848231107,convergence,1
1639,0.8966924848231107,convergence,1
1640,0.8966924848231107,convergence,1
1641,0.8966924848231107,convergence,1
1642,0.8966924848231107,convergence,1
1643,0.8966924848231107,convergence,1
1644,0.8966924848231107,convergence,1
1645,0.8966924848231107,convergence,1
1646,0.8966924848231107,convergence,1
1647,0.8966924848231107,convergence,1
1648,0.8966924848231107,convergence,1
1649,0.8966924848231107,convergence,1
1650,0.8966924848231107,convergence,1
1651,0.8966924848231107,convergence,1
1652,0.8966924848231107,convergence,1
1653,0.8966924848231107,convergence,1
1654,0.8966924848231107,convergence,1
1655,0.8966924848231107,convergence,1
1656,0.8966924848231107,convergence,1
1657,0.8966924848231107,convergence,1
1658,0.902501570023027,convergence,1
1659,0.9078396483148419,convergence,1
1660,0.9078396483148419,convergence,1
1661,0.9078396483148419,convergence,1
1662,0.9078396483148419,convergence,1
1663,0.9078396483148419,convergence,1
1664,0.9078396483148419,convergence,1
1665,0.9078396483148419,convergence,1
1666,0.9078396483148419,convergence,1
1667,0.9078396483148419,convergence,1
1668,0.9078396483148419,convergence,1
1669,0.9078396483148419,convergence,1
1670,0.9078396483148419,convergence,1
1671,0.9078396483148419,convergence,1
1672,0.9078396483148419,convergence,1
1673,0.9078396483148419,convergence,1
1674,0.9078396483148419,convergence,1
1675,0.9078396483148419,convergence,1
1676,0.9078396483148419,convergence,1
1677,0.9078396483148419,convergence,1
1678,0.9078396483148419,convergence,1
1679,0.9078396483148419,convergence,1
1680,0.9078396483148419,convergence,1
1681,0.9078396483148419,convergence,1
1682,0.9078396483148419,convergence,1
1683,0.9078396483148419,convergence,1
1684,0.9078396483148419,convergence,1
1685,0.9078396483148419,convergence,1
1686,0.9078396483148419,convergence,1
1687,0.9078396483148419,convergence,1
1688,0.9078396483148419,convergence,1
1689,0.9078396483148419,convergence,1
1690,0.9078396483148419,convergence,1
1691,0.9078396483148419,convergence,1
1692,0.9078396483148419,convergence,1
1693,0.9078396483148419,convergence,1
1694,0.9078396483148419,convergence,1
1695,0.9113983671760519,convergence,1
1696,0.9113983671760519,convergence,1
1697,0.9113983671760519,convergence,1
1698,0.9113983671760519,convergence,1
1699,0.9113983671760519,convergence,1
1700,0.9113983671760519,convergence,1
1701,0.9113983671760519,convergence,1
1702,0.9113983671760519,convergence,1
1703,0.9113983671760519,convergence,1
1704,0.9113983671760519,convergence,1
1705,0.9113983671760519,convergence,1
1706,0.9113983671760519,convergence,1
1707,0.913177726606657,convergence,1
1708,0.913177726606657,convergence,1
1709,0.913177726606657,convergence,1
1710,0.913177726606657,convergence,1
1711,0.913177726606657,convergence,1
1712,0.913177726606657,convergence,1
1713,0.913177726606657,convergence,1
1714,0.913177726606657,convergence,1
1715,0.913177726606657,convergence,1
1716,0.913177726606657,convergence,1
1717,0.913177726606657,convergence,1
1718,0.913177726606657,convergence,1
1719,0.913177726606657,convergence,1
1720,0.913177726606657,convergence,1
1721,0.913177726606657,convergence,1
1722,0.913177726606657,convergence,1
1723,0.913177726606657,convergence,1
1724,0.913177726606657,convergence,1
1725,0.913177726606657,convergence,1
1726,0.913177726606657,convergence,1
1727,0.913177726606657,convergence,1
1728,0.913177726606657,convergence,1
1729,0.913177726606657,convergence,1
1730,0.913177726606657,convergence,1
1731,0.913177726606657,convergence,1
1732,0.913177726606657,convergence,1
1733,0.913177726606657,convergence,1
1734,0.913177726606657,convergence,1
1735,0.913177726606657,convergence,1
1736,0.913177726606657,convergence,1
1737,0.913177726606657,convergence,1
1738,0.913177726606657,convergence,1
1739,0.913177726606657,convergence,1
1740,0.913177726606657,convergence,1
1741,0.913177726606657,convergence,1
1742,0.913177726606657,convergence,1
1743,0.913177726606657,convergence,1
1744,0.913177726606657,convergence,1
1745,0.913177726606657,convergence,1
1746,0.913177726606657,convergence,1
1747,0.913177726606657,convergence,1
1748,0.913177726606657,convergence,1
1749,0.913177726606657,convergence,1
1750,0.913177726606657,convergence,1
1751,0.913177726606657,convergence,1
1752,0.913177726606657,convergence,1
1753,0.913177726606657,convergence,1
1754,0.913177726606657,convergence,1
1755,0.913177726606657,convergence,1
1756,0.913177726606657,convergence,1
1757,0.913177726606657,convergence,1
1758,0.913177726606657,convergence,1
1759,0.913177726606657,convergence,1
1760,0.913177726606657,convergence,1
1761,0.913177726606657,convergence,1
1762,0.913177726606657,convergence,1
1763,0.913177726606657,convergence,1
1764,0.913177726606657,convergence,1
1765,0.913177726606657,convergence,1
1766,0.913177726606657,convergence,1
1767,0.913177726606657,convergence,1
1768,0.913177726606657,convergence,1
1769,0.913177726606657,convergence,1
1770,0.913177726606657,convergence,1
1771,0.913177726606657,convergence,1
1772,0.913177726606657,convergence,1
1773,0.913177726606657,convergence,1
1774,0.913177726606657,convergence,1
1775,0.913177726606657,convergence,1
1776,0.913177726606657,convergence,1
1777,0.913177726606657,convergence,1
1778,0.913177726606657,convergence,1
1779,0.913177726606657,convergence,1
1780,0.913177726606657,convergence,1
1781,0.913177726606657,convergence,1
1782,0.913177726606657,convergence,1
1783,0.913177726606657,convergence,1
1784,0.913177726606657,convergence,1
1785,0.913177726606657,convergence,1
1786,0.913177726606657,convergence,1
1787,0.913177726606657,convergence,1
1788,0.913177726606657,convergence,1
1789,0.913177726606657,convergence,1
1790,0.913177726606657,convergence,1
1791,0.913177726606657,convergence,1
1792,0.913177726606657,convergence,1
1793,0.913177726606657,convergence,1
1794,0.913177726606657,convergence,1
1795,0.913177726606657,convergence,1
1796,0.913177726606657,convergence,1
1797,0.913177726606657,convergence,1
1798,0.913177726606657,convergence,1
1799,0.913177726606657,convergence,1
1800,0.913177726606657,convergence,1
1801,0.913177726606657,convergence,1
1802,0.913177726606657,convergence,1
1803,0.913177726606657,convergence,1
1804,0.913177726606657,convergence,1
1805,0.913177726606657,convergence,1
1806,0.913177726606657,convergence,1
1807,0.913177726606657,convergence,1
1808,0.913177726606657,convergence,1
1809,0.913177726606657,convergence,1
1810,0.913177726606657,convergence,1
1811,0.913177726606657,convergence,1
1812,0.913177726606657,convergence,1
1813,0.913177726606657,convergence,1
1814,0.913177726606657,convergence,1
1815,0.913177726606657,convergence,1
1816,0.913177726606657,convergence,1
1817,0.913177726606657,convergence,1
1818,0.913177726606657,convergence,1
1819,0.913177726606657,convergence,1
1820,0.913177726606657,convergence,1
1821,0.913177726606657,convergence,1
1822,0.913177726606657,convergence,1
1823,0.913177726606657,convergence,1
1824,0.913177726606657,convergence,1
1825,0.913177726606657,convergence,1
1826,0.913177726606657,convergence,1
1827,0.913177726606657,convergence,1
1828,0.913177726606657,convergence,1
1829,0.913177726606657,convergence,1
1830,0.913177726606657,convergence,1
1831,0.913177726606657,convergence,1
1832,0.913177726606657,convergence,1
1833,0.913177726606657,convergence,1
1834,0.913177726606657,convergence,1
1835,0.913177726606657,convergence,1
1836,0.913177726606657,convergence,1
1837,0.913177726606657,convergence,1
1838,0.913177726606657,convergence,1
1839,0.913177726606657,convergence,1
1840,0.913177726606657,convergence,1
1841,0.913177726606657,convergence,1
1842,0.913177726606657,convergence,1
1843,0.913177726606657,convergence,1
1844,0.913177726606657,convergence,1
1845,0.913177726606657,convergence,1
1846,0.913177726606657,convergence,1
1847,0.913177726606657,convergence,1
1848,0.913177726606657,convergence,1
1849,0.913177726606657,convergence,1
1850,0.913177726606657,convergence,1
1851,0.913177726606657,convergence,1
1852,0.913177726606657,convergence,1
1853,0.913177726606657,convergence,1
1854,0.913177726606657,convergence,1
1855,0.913177726606657,convergence,1
1856,0.913177726606657,convergence,1
1857,0.913177726606657,convergence,1
1858,0.913177726606657,convergence,1
1859,0.913177726606657,convergence,1
1860,0.913177726606657,convergence,1
1861,0.913177726606657,convergence,1
1862,0.913177726606657,convergence,1
1863,0.913177726606657,convergence,1
1864,0.913177726606657,convergence,1
1865,0.913177726606657,convergence,1
1866,0.913177726606657,convergence,1
1867,0.913177726606657,convergence,1
1868,0.913177726606657,convergence,1
1869,0.913177726606657,convergence,1
1870,0.913177726606657,convergence,1
1871,0.913177726606657,convergence,1
1872,0.913177726606657,convergence,1
1873,0.913177726606657,convergence,1
1874,0.913177726606657,convergence,1
1875,0.913177726606657,convergence,1
1876,0.913177726606657,convergence,1
1877,0.913177726606657,convergence,1
1878,0.913177726606657,convergence,1
1879,0.913177726606657,convergence,1
1880,0.913177726606657,convergence,1
1881,0.913177726606657,convergence,1
1882,0.913177726606657,convergence,1
1883,0.913177726606657,convergence,1
1884,0.913177726606657,convergence,1
1885,0.913177726606657,convergence,1
1886,0.913177726606657,convergence,1
1887,0.913177726606657,convergence,1
1888,0.913177726606657,convergence,1
1889,0.913177726606657,convergence,1
1890,0.913177726606657,convergence,1
1891,0.913177726606657,convergence,1
1892,0.913177726606657,convergence,1
1893,0.913177726606657,convergence,1
1894,0.913177726606657,convergence,1
1895,0.913177726606657,convergence,1
1896,0.913177726606657,convergence,1
1897,0.913177726606657,convergence,1
1898,0.913177726606657,convergence,1
1899,0.913177726606657,convergence,1
1900,0.913177726606657,convergence,1
1901,0.913177726606657,convergence,1
1902,0.913177726606657,convergence,1
1903,0.913177726606657,convergence,1
1904,0.913177726606657,convergence,1
1905,0.913177726606657,convergence,1
1906,0.913177726606657,convergence,1
1907,0.913177726606657,convergence,1
1908,0.913177726606657,convergence,1
1909,0.913177726606657,convergence,1
1910,0.913177726606657,convergence,1
1911,0.913177726606657,convergence,1
1912,0.913177726606657,convergence,1
1913,0.913177726606657,convergence,1
1914,0.913177726606657,convergence,1
1915,0.913177726606657,convergence,1
1916,0.913177726606657,convergence,1
1917,0.913177726606657,convergence,1
1918,0.913177726606657,convergence,1
1919,0.913177726606657,convergence,1
1920,0.913177726606657,convergence,1
1921,0.913177726606657,convergence,1
1922,0.913177726606657,convergence,1
1923,0.913177726606657,convergence,1
1924,0.913177726606657,convergence,1
1925,0.913177726606657,convergence,1
1926,0.913177726606657,convergence,1
1927,0.913177726606657,convergence,1
1928,0.913177726606657,convergence,1
1929,0.913177726606657,convergence,1
1930,0.913177726606657,convergence,1
1931,0.913177726606657,convergence,1
1932,0.913177726606657,convergence,1
1933,0.913177726606657,convergence,1
1934,0.913177726606657,convergence,1
1935,0.913177726606657,convergence,1
1936,0.913177726606657,convergence,1
1937,0.913177726606657,convergence,1
1938,0.913177726606657,convergence,1
1939,0.913177726606657,convergence,1
1940,0.913177726606657,convergence,1
1941,0.913177726606657,convergence,1
1942,0.9149570860372619,convergence,1
1943,0.9149570860372619,convergence,1
1944,0.9149570860372619,convergence,1
1945,0.9149570860372619,convergence,1
1946,0.9149570860372619,convergence,1
1947,0.9149570860372619,convergence,1
1948,0.9149570860372619,convergence,1
1949,0.9149570860372619,convergence,1
1950,0.9149570860372619,convergence,1
1951,0.9149570860372619,convergence,1
1952,0.9149570860372619,convergence,1
1953,0.9149570860372619,convergence,1
1954,0.9149570860372619,convergence,1
1955,0.9149570860372619,convergence,1
1956,0.9149570860372619,convergence,1
1957,0.9149570860372619,convergence,1
1958,0.9149570860372619,convergence,1
1959,0.9149570860372619,convergence,1
1960,0.9149570860372619,convergence,1
1961,0.9149570860372619,convergence,1
1962,0.9149570860372619,convergence,1
1963,0.9149570860372619,convergence,1
1964,0.9149570860372619,convergence,1
1965,0.9149570860372619,convergence,1
1966,0.9149570860372619,convergence,1
1967,0.9149570860372619,convergence,1
1968,0.9149570860372619,convergence,1
1969,0.9149570860372619,convergence,1
1970,0.9149570860372619,convergence,1
1971,0.9149570860372619,convergence,1
1972,0.9149570860372619,convergence,1
1973,0.9149570860372619,convergence,1
1974,0.9149570860372619,convergence,1
1975,0.9149570860372619,convergence,1
1976,0.9149570860372619,convergence,1
1977,0.9149570860372619,convergence,1
1978,0.9149570860372619,convergence,1
1979,0.9149570860372619,convergence,1
1980,0.9149570860372619,convergence,1
1981,0.9149570860372619,convergence,1
1982,0.9149570860372619,convergence,1
1983,0.9149570860372619,convergence,1
1984,0.9149570860372619,convergence,1
1985,0.9149570860372619,convergence,1
1986,0.9149570860372619,convergence,1
1987,0.9149570860372619,convergence,1
1988,0.9149570860372619,convergence,1
1989,0.9149570860372619,convergence,1
1990,0.9149570860372619,convergence,1
1991,0.9149570860372619,convergence,1
1992,0.9149570860372619,convergence,1
1993,0.9149570860372619,convergence,1
1994,0.9149570860372619,convergence,1
1995,0.9149570860372619,convergence,1
1996,0.9149570860372619,convergence,1
1997,0.9149570860372619,convergence,1
1998,0.9149570860372619,convergence,1
1999,0.9149570860372619,convergence,1
2000,0.9149570860372619,convergence,1
2001,0.9149570860372619,convergence,1
2002,0.9149570860372619,convergence,1
2003,0.9149570860372619,convergence,1
2004,0.9149570860372619,convergence,1
2005,0.9149570860372619,convergence,1
2006,0.9149570860372619,convergence,1
2007,0.9149570860372619,convergence,1
2008,0.9149570860372619,convergence,1
2009,0.9149570860372619,convergence,1
2010,0.9149570860372619,convergence,1
2011,0.9149570860372619,convergence,1
2012,0.9149570860372619,convergence,1
2013,0.9149570860372619,convergence,1
2014,0.9149570860372619,convergence,1
2015,0.9149570860372619,convergence,1
2016,0.9149570860372619,convergence,1
2017,0.9149570860372619,convergence,1
2018,0.9149570860372619,convergence,1
2019,0.9149570860372619,convergence,1
2020,0.9149570860372619,convergence,1
2021,0.9149570860372619,convergence,1
2022,0.9149570860372619,convergence,1
2023,0.9149570860372619,convergence,1
2024,0.9149570860372619,convergence,1
2025,0.9149570860372619,convergence,1
2026,0.9149570860372619,convergence,1
2027,0.9149570860372619,convergence,1
2028,0.9149570860372619,convergence,1
2029,0.9149570860372619,convergence,1
2030,0.9149570860372619,convergence,1
2031,0.9149570860372619,convergence,1
2032,0.9149570860372619,convergence,1
2033,0.9149570860372619,convergence,1
2034,0.9149570860372619,convergence,1
2035,0.9149570860372619,convergence,1
2036,0.9149570860372619,convergence,1
2037,0.9149570860372619,convergence,1
2038,0.9149570860372619,convergence,1
2039,0.9149570860372619,convergence,1
2040,0.9149570860372619,convergence,1
2041,0.9149570860372619,convergence,1
2042,0.9149570860372619,convergence,1
2043,0.9149570860372619,convergence,1
2044,0.9149570860372619,convergence,1
2045,0.9149570860372619,convergence,1
2046,0.9149570860372619,convergence,1
2047,0.9149570860372619,convergence,1
2048,0.9149570860372619,convergence,1
2049,0.9149570860372619,convergence,1
2050,0.9149570860372619,convergence,1
2051,0.9149570860372619,convergence,1
2052,0.9149570860372619,convergence,1
2053,0.9149570860372619,convergence,1
2054,0.9149570860372619,convergence,1
2055,0.9149570860372619,convergence,1
2056,0.9149570860372619,convergence,1
2057,0.9149570860372619,convergence,1
2058,0.9149570860372619,convergence,1
2059,0.9149570860372619,convergence,1
2060,0.9149570860372619,convergence,1
2061,0.9149570860372619,convergence,1
2062,0.9149570860372619,convergence,1
2063,0.9149570860372619,convergence,1
2064,0.9149570860372619,convergence,1
2065,0.9149570860372619,convergence,1
2066,0.9149570860372619,convergence,1
2067,0.9149570860372619,convergence,1
2068,0.9149570860372619,convergence,1
2069,0.9154280929453632,convergence,1
2070,0.9154280929453632,convergence,1
2071,0.9154280929453632,convergence,1
2072,0.9189868118065732,convergence,1
2073,0.9189868118065732,convergence,1
2074,0.9189868118065732,convergence,1
2075,0.9189868118065732,convergence,1
2076,0.9189868118065732,convergence,1
2077,0.9189868118065732,convergence,1
2078,0.9189868118065732,convergence,1
2079,0.9189868118065732,convergence,1
2080,0.9189868118065732,convergence,1
2081,0.9189868118065732,convergence,1
2082,0.9189868118065732,convergence,1
2083,0.9189868118065732,convergence,1
2084,0.9189868118065732,convergence,1
2085,0.9189868118065732,convergence,1
2086,0.9189868118065732,convergence,1
2087,0.9189868118065732,convergence,1
2088,0.9189868118065732,convergence,1
2089,0.9189868118065732,convergence,1
2090,0.9189868118065732,convergence,1
2091,0.9189868118065732,convergence,1
2092,0.9189868118065732,convergence,1
2093,0.9189868118065732,convergence,1
2094,0.9247958970064893,convergence,1
2095,0.9247958970064893,convergence,1
2096,0.9247958970064893,convergence,1
2097,0.9265752564370944,convergence,1
2098,0.9265752564370944,convergence,1
2099,0.9265752564370944,convergence,1
2100,0.9265752564370944,convergence,1
2101,0.9265752564370944,convergence,1
2102,0.9265752564370944,convergence,1
2103,0.9265752564370944,convergence,1
2104,0.9265752564370944,convergence,1
2105,0.9265752564370944,convergence,1
2106,0.9265752564370944,convergence,1
2107,0.9265752564370944,convergence,1
2108,0.9265752564370944,convergence,1
2109,0.9265752564370944,convergence,1
2110,0.9265752564370944,convergence,1
2111,0.9265752564370944,convergence,1
2112,0.9265752564370944,convergence,1
2113,0.9265752564370944,convergence,1
2114,0.9265752564370944,convergence,1
2115,0.9265752564370944,convergence,1
2116,0.9265752564370944,convergence,1
2117,0.9265752564370944,convergence,1
2118,0.9265752564370944,convergence,1
2119,0.9265752564370944,convergence,1
2120,0.9301339752983044,convergence,1
2121,0.9301339752983044,convergence,1
2122,0.9301339752983044,convergence,1
2123,0.9319133347289094,convergence,1
2124,0.9319133347289094,convergence,1
2125,0.9319133347289094,convergence,1
2126,0.9319133347289094,convergence,1
2127,0.9319133347289094,convergence,1
2128,0.9319133347289094,convergence,1
2129,0.9354720535901193,convergence,1
2130,0.9354720535901193,convergence,1
2131,0.9354720535901193,convergence,1
2132,0.9354720535901193,convergence,1
2133,0.9354720535901193,convergence,1
2134,0.9354720535901193,convergence,1
2135,0.9372514130207243,convergence,1
2136,0.9372514130207243,convergence,1
2137,0.9372514130207243,convergence,1
2138,0.9372514130207243,convergence,1
2139,0.9372514130207243,convergence,1
2140,0.9372514130207243,convergence,1
2141,0.9372514130207243,convergence,1
2142,0.9372514130207243,convergence,1
2143,0.9372514130207243,convergence,1
2144,0.9372514130207243,convergence,1
2145,0.9372514130207243,convergence,1
2146,0.9372514130207243,convergence,1
2147,0.9372514130207243,convergence,1
2148,0.9372514130207243,convergence,1
2149,0.9372514130207243,convergence,1
2150,0.9372514130207243,convergence,1
2151,0.9372514130207243,convergence,1
2152,0.9372514130207243,convergence,1
2153,0.9372514130207243,convergence,1
2154,0.9372514130207243,convergence,1
2155,0.9372514130207243,convergence,1
2156,0.9372514130207243,convergence,1
2157,0.9372514130207243,convergence,1
2158,0.9372514130207243,convergence,1
2159,0.9372514130207243,convergence,1
2160,0.9372514130207243,convergence,1
2161,0.9372514130207243,convergence,1
2162,0.9372514130207243,convergence,1
2163,0.9390307724513293,convergence,1
2164,0.9390307724513293,convergence,1
2165,0.9390307724513293,convergence,1
2166,0.9390307724513293,convergence,1
2167,0.9390307724513293,convergence,1
2168,0.9390307724513293,convergence,1
2169,0.9390307724513293,convergence,1
2170,0.9390307724513293,convergence,1
2171,0.9390307724513293,convergence,1
2172,0.9390307724513293,convergence,1
2173,0.9390307724513293,convergence,1
2174,0.9390307724513293,convergence,1
2175,0.9390307724513293,convergence,1
2176,0.9390307724513293,convergence,1
2177,0.9390307724513293,convergence,1
2178,0.9390307724513293,convergence,1
2179,0.9390307724513293,convergence,1
2180,0.9390307724513293,convergence,1
2181,0.9390307724513293,convergence,1
2182,0.9390307724513293,convergence,1
2183,0.9390307724513293,convergence,1
2184,0.9390307724513293,convergence,1
2185,0.9390307724513293,convergence,1
2186,0.9390307724513293,convergence,1
2187,0.9390307724513293,convergence,1
2188,0.9390307724513293,convergence,1
2189,0.9390307724513293,convergence,1
2190,0.9390307724513293,convergence,1
2191,0.9390307724513293,convergence,1
2192,0.9390307724513293,convergence,1
2193,0.9390307724513293,convergence,1
2194,0.9390307724513293,convergence,1
2195,0.9390307724513293,convergence,1
2196,0.9390307724513293,convergence,1
2197,0.9390307724513293,convergence,1
2198,0.9390307724513293,convergence,1
2199,0.9390307724513293,convergence,1
2200,0.9390307724513293,convergence,1
2201,0.9390307724513293,convergence,1
2202,0.9390307724513293,convergence,1
2203,0.9390307724513293,convergence,1
2204,0.9390307724513293,convergence,1
2205,0.9390307724513293,convergence,1
2206,0.9390307724513293,convergence,1
2207,0.9390307724513293,convergence,1
2208,0.9390307724513293,convergence,1
2209,0.9390307724513293,convergence,1
2210,0.9390307724513293,convergence,1
2211,0.9390307724513293,convergence,1
2212,0.9390307724513293,convergence,1
2213,0.9390307724513293,convergence,1
2214,0.9390307724513293,convergence,1
2215,0.9390307724513293,convergence,1
2216,0.9390307724513293,convergence,1
2217,0.9390307724513293,convergence,1
2218,0.9390307724513293,convergence,1
2219,0.9390307724513293,convergence,1
2220,0.9390307724513293,convergence,1
2221,0.9390307724513293,convergence,1
2222,0.9390307724513293,convergence,1
2223,0.9390307724513293,convergence,1
2224,0.9390307724513293,convergence,1
2225,0.9390307724513293,convergence,1
2226,0.9390307724513293,convergence,1
2227,0.9390307724513293,convergence,1
2228,0.9390307724513293,convergence,1
2229,0.9390307724513293,convergence,1
2230,0.9390307724513293,convergence,1
2231,0.9390307724513293,convergence,1
2232,0.9390307724513293,convergence,1
2233,0.9390307724513293,convergence,1
2234,0.9390307724513293,convergence,1
2235,0.9390307724513293,convergence,1
2236,0.9390307724513293,convergence,1
2237,0.9390307724513293,convergence,1
2238,0.9390307724513293,convergence,1
2239,0.9390307724513293,convergence,1
2240,0.9390307724513293,convergence,1
2241,0.9390307724513293,convergence,1
2242,0.9390307724513293,convergence,1
2243,0.9390307724513293,convergence,1
2244,0.9390307724513293,convergence,1
2245,0.9390307724513293,convergence,1
2246,0.9390307724513293,convergence,1
2247,0.9390307724513293,convergence,1
2248,0.9390307724513293,convergence,1
2249,0.9390307724513293,convergence,1
2250,0.9390307724513293,convergence,1
2251,0.9390307724513293,convergence,1
2252,0.9390307724513293,convergence,1
2253,0.9390307724513293,convergence,1
2254,0.9390307724513293,convergence,1
2255,0.9390307724513293,convergence,1
2256,0.9390307724513293,convergence,1
2257,0.9390307724513293,convergence,1
2258,0.9390307724513293,convergence,1
2259,0.9390307724513293,convergence,1
2260,0.9390307724513293,convergence,1
2261,0.9390307724513293,convergence,1
2262,0.9390307724513293,convergence,1
2263,0.9390307724513293,convergence,1
2264,0.9390307724513293,convergence,1
2265,0.9390307724513293,convergence,1
2266,0.9390307724513293,convergence,1
2267,0.9390307724513293,convergence,1
2268,0.9390307724513293,convergence,1
2269,0.9390307724513293,convergence,1
2270,0.9390307724513293,convergence,1
2271,0.9390307724513293,convergence,1
2272,0.9390307724513293,convergence,1
2273,0.9390307724513293,convergence,1
2274,0.9390307724513293,convergence,1
2275,0.9390307724513293,convergence,1
2276,0.9390307724513293,convergence,1
2277,0.9390307724513293,convergence,1
2278,0.9390307724513293,convergence,1
2279,0.9390307724513293,convergence,1
2280,0.9390307724513293,convergence,1
2281,0.9390307724513293,convergence,1
2282,0.9390307724513293,convergence,1
2283,0.9390307724513293,convergence,1
2284,0.9390307724513293,convergence,1
2285,0.9390307724513293,convergence,1
2286,0.9390307724513293,convergence,1
2287,0.9390307724513293,convergence,1
2288,0.9390307724513293,convergence,1
2289,0.9390307724513293,convergence,1
2290,0.9390307724513293,convergence,1
2291,0.9390307724513293,convergence,1
2292,0.9390307724513293,convergence,1
2293,0.9390307724513293,convergence,1
2294,0.9390307724513293,convergence,1
2295,0.9390307724513293,convergence,1
2296,0.9390307724513293,convergence,1
2297,0.9390307724513293,convergence,1
2298,0.9390307724513293,convergence,1
2299,0.9390307724513293,convergence,1
2300,0.9390307724513293,convergence,1
2301,0.9390307724513293,convergence,1
2302,0.9390307724513293,convergence,1
2303,0.9390307724513293,convergence,1
2304,0.9390307724513293,convergence,1
2305,0.9390307724513293,convergence,1
2306,0.9390307724513293,convergence,1
2307,0.9390307724513293,convergence,1
2308,0.9390307724513293,convergence,1
2309,0.9390307724513293,convergence,1
2310,0.9390307724513293,convergence,1
2311,0.9390307724513293,convergence,1
2312,0.9390307724513293,convergence,1
2313,0.9390307724513293,convergence,1
2314,0.9390307724513293,convergence,1
2315,0.9390307724513293,convergence,1
2316,0.9390307724513293,convergence,1
2317,0.9390307724513293,convergence,1
2318,0.9390307724513293,convergence,1
2319,0.9390307724513293,convergence,1
2320,0.9390307724513293,convergence,1
2321,0.9390307724513293,convergence,1
2322,0.9390307724513293,convergence,1
2323,0.9390307724513293,convergence,1
2324,0.9390307724513293,convergence,1
2325,0.9390307724513293,convergence,1
2326,0.9390307724513293,convergence,1
2327,0.9390307724513293,convergence,1
2328,0.9390307724513293,convergence,1
2329,0.9390307724513293,convergence,1
2330,0.9390307724513293,convergence,1
2331,0.9390307724513293,convergence,1
2332,0.9390307724513293,convergence,1
2333,0.9390307724513293,convergence,1
2334,0.9390307724513293,convergence,1
2335,0.9390307724513293,convergence,1
2336,0.9390307724513293,convergence,1
2337,0.9390307724513293,convergence,1
2338,0.9390307724513293,convergence,1
2339,0.9390307724513293,convergence,1
2340,0.9390307724513293,convergence,1
2341,0.9390307724513293,convergence,1
2342,0.9390307724513293,convergence,1
2343,0.9390307724513293,convergence,1
2344,0.9390307724513293,convergence,1
2345,0.9390307724513293,convergence,1
2346,0.9390307724513293,convergence,1
2347,0.9390307724513293,convergence,1
2348,0.9390307724513293,convergence,1
2349,0.9390307724513293,convergence,1
2350,0.9390307724513293,convergence,1
2351,0.9390307724513293,convergence,1
2352,0.9390307724513293,convergence,1
2353,0.9390307724513293,convergence,1
2354,0.9390307724513293,convergence,1
2355,0.9390307724513293,convergence,1
2356,0.9390307724513293,convergence,1
2357,0.9390307724513293,convergence,1
2358,0.9390307724513293,convergence,1
2359,0.9390307724513293,convergence,1
2360,0.9390307724513293,convergence,1
2361,0.9390307724513293,convergence,1
2362,0.9390307724513293,convergence,1
2363,0.9390307724513293,convergence,1
2364,0.9390307724513293,convergence,1
2365,0.9390307724513293,convergence,1
2366,0.9390307724513293,convergence,1
2367,0.9390307724513293,convergence,1
2368,0.9390307724513293,convergence,1
2369,0.9390307724513293,convergence,1
2370,0.9390307724513293,convergence,1
2371,0.9390307724513293,convergence,1
2372,0.9390307724513293,convergence,1
2373,0.9390307724513293,convergence,1
2374,0.9390307724513293,convergence,1
2375,0.9390307724513293,convergence,1
2376,0.9390307724513293,convergence,1
2377,0.9390307724513293,convergence,1
2378,0.9390307724513293,convergence,1
2379,0.9443688507431443,convergence,1
2380,0.9443688507431443,convergence,1
2381,0.9443688507431443,convergence,1
2382,0.9443688507431443,convergence,1
2383,0.9443688507431443,convergence,1
2384,0.9443688507431443,convergence,1
