,Agr,Algoritmo,Particion
0,0.5754134393971112,convergence,4
1,0.5754134393971112,convergence,4
2,0.5754134393971112,convergence,4
3,0.5754134393971112,convergence,4
4,0.5754134393971112,convergence,4
5,0.5754134393971112,convergence,4
6,0.5754134393971112,convergence,4
7,0.5771927988277161,convergence,4
8,0.5771927988277161,convergence,4
9,0.5918986811806574,convergence,4
10,0.5918986811806574,convergence,4
11,0.5918986811806574,convergence,4
12,0.5918986811806574,convergence,4
13,0.5918986811806574,convergence,4
14,0.5918986811806574,convergence,4
15,0.5918986811806574,convergence,4
16,0.5918986811806574,convergence,4
17,0.5918986811806574,convergence,4
18,0.5918986811806574,convergence,4
19,0.5918986811806574,convergence,4
20,0.5918986811806574,convergence,4
21,0.5918986811806574,convergence,4
22,0.5918986811806574,convergence,4
23,0.5918986811806574,convergence,4
24,0.5918986811806574,convergence,4
25,0.5918986811806574,convergence,4
26,0.5918986811806574,convergence,4
27,0.5918986811806574,convergence,4
28,0.5918986811806574,convergence,4
29,0.5918986811806574,convergence,4
30,0.5918986811806574,convergence,4
31,0.5918986811806574,convergence,4
32,0.5918986811806574,convergence,4
33,0.5918986811806574,convergence,4
34,0.5918986811806574,convergence,4
35,0.5918986811806574,convergence,4
36,0.5918986811806574,convergence,4
37,0.5918986811806574,convergence,4
38,0.5918986811806574,convergence,4
39,0.5994871258111786,convergence,4
40,0.5994871258111786,convergence,4
41,0.5994871258111786,convergence,4
42,0.6012664852417835,convergence,4
43,0.6012664852417835,convergence,4
44,0.6012664852417835,convergence,4
45,0.6012664852417835,convergence,4
46,0.6012664852417835,convergence,4
47,0.6012664852417835,convergence,4
48,0.6012664852417835,convergence,4
49,0.6177517270253298,convergence,4
50,0.6177517270253298,convergence,4
51,0.6177517270253298,convergence,4
52,0.6177517270253298,convergence,4
53,0.6177517270253298,convergence,4
54,0.6177517270253298,convergence,4
55,0.6177517270253298,convergence,4
56,0.6177517270253298,convergence,4
57,0.6177517270253298,convergence,4
58,0.6177517270253298,convergence,4
59,0.6177517270253298,convergence,4
60,0.6177517270253298,convergence,4
61,0.6177517270253298,convergence,4
62,0.6177517270253298,convergence,4
63,0.6177517270253298,convergence,4
64,0.6177517270253298,convergence,4
65,0.6306782499476659,convergence,4
66,0.6436047728700021,convergence,4
67,0.6436047728700021,convergence,4
68,0.6436047728700021,convergence,4
69,0.6436047728700021,convergence,4
70,0.6436047728700021,convergence,4
71,0.6436047728700021,convergence,4
72,0.6436047728700021,convergence,4
73,0.6436047728700021,convergence,4
74,0.6436047728700021,convergence,4
75,0.6436047728700021,convergence,4
76,0.6436047728700021,convergence,4
77,0.6436047728700021,convergence,4
78,0.6436047728700021,convergence,4
79,0.6436047728700021,convergence,4
80,0.6436047728700021,convergence,4
81,0.6436047728700021,convergence,4
82,0.6436047728700021,convergence,4
83,0.6436047728700021,convergence,4
84,0.6436047728700021,convergence,4
85,0.6436047728700021,convergence,4
86,0.6436047728700021,convergence,4
87,0.6436047728700021,convergence,4
88,0.6436047728700021,convergence,4
89,0.6436047728700021,convergence,4
90,0.6436047728700021,convergence,4
91,0.6436047728700021,convergence,4
92,0.6436047728700021,convergence,4
93,0.6436047728700021,convergence,4
94,0.6436047728700021,convergence,4
95,0.6436047728700021,convergence,4
96,0.6436047728700021,convergence,4
97,0.6436047728700021,convergence,4
98,0.6436047728700021,convergence,4
99,0.6436047728700021,convergence,4
100,0.6436047728700021,convergence,4
101,0.6436047728700021,convergence,4
102,0.6436047728700021,convergence,4
103,0.6436047728700021,convergence,4
104,0.6436047728700021,convergence,4
105,0.6436047728700021,convergence,4
106,0.6436047728700021,convergence,4
107,0.6436047728700021,convergence,4
108,0.6436047728700021,convergence,4
109,0.6436047728700021,convergence,4
110,0.6436047728700021,convergence,4
111,0.6436047728700021,convergence,4
112,0.6436047728700021,convergence,4
113,0.6436047728700021,convergence,4
114,0.6436047728700021,convergence,4
115,0.6436047728700021,convergence,4
116,0.6436047728700021,convergence,4
117,0.6436047728700021,convergence,4
118,0.6436047728700021,convergence,4
119,0.6436047728700021,convergence,4
120,0.6436047728700021,convergence,4
121,0.6436047728700021,convergence,4
122,0.6436047728700021,convergence,4
123,0.6436047728700021,convergence,4
124,0.6436047728700021,convergence,4
125,0.6436047728700021,convergence,4
126,0.6436047728700021,convergence,4
127,0.6436047728700021,convergence,4
128,0.6436047728700021,convergence,4
129,0.6436047728700021,convergence,4
130,0.6436047728700021,convergence,4
131,0.6436047728700021,convergence,4
132,0.6436047728700021,convergence,4
133,0.6436047728700021,convergence,4
134,0.6436047728700021,convergence,4
135,0.6436047728700021,convergence,4
136,0.6436047728700021,convergence,4
137,0.6436047728700021,convergence,4
138,0.6436047728700021,convergence,4
139,0.6436047728700021,convergence,4
140,0.6436047728700021,convergence,4
141,0.6436047728700021,convergence,4
142,0.6436047728700021,convergence,4
143,0.6436047728700021,convergence,4
144,0.6436047728700021,convergence,4
145,0.6436047728700021,convergence,4
146,0.6436047728700021,convergence,4
147,0.6436047728700021,convergence,4
148,0.6436047728700021,convergence,4
149,0.6436047728700021,convergence,4
150,0.6436047728700021,convergence,4
151,0.6436047728700021,convergence,4
152,0.6436047728700021,convergence,4
153,0.6436047728700021,convergence,4
154,0.6436047728700021,convergence,4
155,0.6436047728700021,convergence,4
156,0.6436047728700021,convergence,4
157,0.6436047728700021,convergence,4
158,0.6436047728700021,convergence,4
159,0.6436047728700021,convergence,4
160,0.6436047728700021,convergence,4
161,0.6436047728700021,convergence,4
162,0.6436047728700021,convergence,4
163,0.6436047728700021,convergence,4
164,0.6436047728700021,convergence,4
165,0.6436047728700021,convergence,4
166,0.6436047728700021,convergence,4
167,0.6436047728700021,convergence,4
168,0.6436047728700021,convergence,4
169,0.6436047728700021,convergence,4
170,0.6436047728700021,convergence,4
171,0.6436047728700021,convergence,4
172,0.6436047728700021,convergence,4
173,0.6436047728700021,convergence,4
174,0.6436047728700021,convergence,4
175,0.6436047728700021,convergence,4
176,0.6436047728700021,convergence,4
177,0.6436047728700021,convergence,4
178,0.6436047728700021,convergence,4
179,0.6436047728700021,convergence,4
180,0.6436047728700021,convergence,4
181,0.6436047728700021,convergence,4
182,0.6436047728700021,convergence,4
183,0.6436047728700021,convergence,4
184,0.6436047728700021,convergence,4
185,0.6436047728700021,convergence,4
186,0.6436047728700021,convergence,4
187,0.6436047728700021,convergence,4
188,0.6436047728700021,convergence,4
189,0.6436047728700021,convergence,4
190,0.6436047728700021,convergence,4
191,0.6436047728700021,convergence,4
192,0.6436047728700021,convergence,4
193,0.6436047728700021,convergence,4
194,0.6436047728700021,convergence,4
195,0.6436047728700021,convergence,4
196,0.6436047728700021,convergence,4
197,0.6436047728700021,convergence,4
198,0.6436047728700021,convergence,4
199,0.6436047728700021,convergence,4
200,0.6436047728700021,convergence,4
201,0.6436047728700021,convergence,4
202,0.6436047728700021,convergence,4
203,0.6436047728700021,convergence,4
204,0.6436047728700021,convergence,4
205,0.6436047728700021,convergence,4
206,0.6436047728700021,convergence,4
207,0.6436047728700021,convergence,4
208,0.6436047728700021,convergence,4
209,0.6436047728700021,convergence,4
210,0.6436047728700021,convergence,4
211,0.6436047728700021,convergence,4
212,0.6436047728700021,convergence,4
213,0.6436047728700021,convergence,4
214,0.6436047728700021,convergence,4
215,0.6436047728700021,convergence,4
216,0.6436047728700021,convergence,4
217,0.6436047728700021,convergence,4
218,0.6436047728700021,convergence,4
219,0.6453841323006071,convergence,4
220,0.6453841323006071,convergence,4
221,0.6471634917312121,convergence,4
222,0.6471634917312121,convergence,4
223,0.648942851161817,convergence,4
224,0.648942851161817,convergence,4
225,0.648942851161817,convergence,4
226,0.648942851161817,convergence,4
227,0.650722210592422,convergence,4
228,0.650722210592422,convergence,4
229,0.650722210592422,convergence,4
230,0.652501570023027,convergence,4
231,0.652501570023027,convergence,4
232,0.654280929453632,convergence,4
233,0.6672074523759681,convergence,4
234,0.6672074523759681,convergence,4
235,0.6672074523759681,convergence,4
236,0.6819133347289094,convergence,4
237,0.6819133347289094,convergence,4
238,0.6819133347289094,convergence,4
239,0.6819133347289094,convergence,4
240,0.6819133347289094,convergence,4
241,0.6819133347289094,convergence,4
242,0.6819133347289094,convergence,4
243,0.6819133347289094,convergence,4
244,0.6819133347289094,convergence,4
245,0.6836926941595143,convergence,4
246,0.6836926941595143,convergence,4
247,0.6836926941595143,convergence,4
248,0.6836926941595143,convergence,4
249,0.6836926941595143,convergence,4
250,0.6836926941595143,convergence,4
251,0.6854720535901193,convergence,4
252,0.6872514130207243,convergence,4
253,0.6872514130207243,convergence,4
254,0.6872514130207243,convergence,4
255,0.6872514130207243,convergence,4
256,0.6872514130207243,convergence,4
257,0.6872514130207243,convergence,4
258,0.6872514130207243,convergence,4
259,0.6872514130207243,convergence,4
260,0.6872514130207243,convergence,4
261,0.6872514130207243,convergence,4
262,0.6872514130207243,convergence,4
263,0.6908101318819342,convergence,4
264,0.6908101318819342,convergence,4
265,0.6908101318819342,convergence,4
266,0.6908101318819342,convergence,4
267,0.6908101318819342,convergence,4
268,0.6908101318819342,convergence,4
269,0.6908101318819342,convergence,4
270,0.6908101318819342,convergence,4
271,0.6908101318819342,convergence,4
272,0.6908101318819342,convergence,4
273,0.6908101318819342,convergence,4
274,0.6908101318819342,convergence,4
275,0.6908101318819342,convergence,4
276,0.6908101318819342,convergence,4
277,0.6908101318819342,convergence,4
278,0.6908101318819342,convergence,4
279,0.6908101318819342,convergence,4
280,0.6908101318819342,convergence,4
281,0.6908101318819342,convergence,4
282,0.6908101318819342,convergence,4
283,0.6908101318819342,convergence,4
284,0.6925894913125392,convergence,4
285,0.6925894913125392,convergence,4
286,0.6925894913125392,convergence,4
287,0.6925894913125392,convergence,4
288,0.6925894913125392,convergence,4
289,0.6925894913125392,convergence,4
290,0.6925894913125392,convergence,4
291,0.6925894913125392,convergence,4
292,0.6925894913125392,convergence,4
293,0.6925894913125392,convergence,4
294,0.6925894913125392,convergence,4
295,0.6925894913125392,convergence,4
296,0.6925894913125392,convergence,4
297,0.6925894913125392,convergence,4
298,0.6925894913125392,convergence,4
299,0.6925894913125392,convergence,4
300,0.6925894913125392,convergence,4
301,0.6925894913125392,convergence,4
302,0.6925894913125392,convergence,4
303,0.6925894913125392,convergence,4
304,0.6925894913125392,convergence,4
305,0.6925894913125392,convergence,4
306,0.6925894913125392,convergence,4
307,0.6925894913125392,convergence,4
308,0.6925894913125392,convergence,4
309,0.6925894913125392,convergence,4
310,0.6925894913125392,convergence,4
311,0.6925894913125392,convergence,4
312,0.6925894913125392,convergence,4
313,0.6925894913125392,convergence,4
314,0.6925894913125392,convergence,4
315,0.6925894913125392,convergence,4
316,0.6925894913125392,convergence,4
317,0.6925894913125392,convergence,4
318,0.6925894913125392,convergence,4
319,0.6925894913125392,convergence,4
320,0.6925894913125392,convergence,4
321,0.6925894913125392,convergence,4
322,0.6925894913125392,convergence,4
323,0.6925894913125392,convergence,4
324,0.6925894913125392,convergence,4
325,0.6925894913125392,convergence,4
326,0.6925894913125392,convergence,4
327,0.6925894913125392,convergence,4
328,0.6925894913125392,convergence,4
329,0.6925894913125392,convergence,4
330,0.6925894913125392,convergence,4
331,0.6925894913125392,convergence,4
332,0.6925894913125392,convergence,4
333,0.6925894913125392,convergence,4
334,0.6925894913125392,convergence,4
335,0.6925894913125392,convergence,4
336,0.6925894913125392,convergence,4
337,0.6925894913125392,convergence,4
338,0.6925894913125392,convergence,4
339,0.6925894913125392,convergence,4
340,0.6925894913125392,convergence,4
341,0.6925894913125392,convergence,4
342,0.6925894913125392,convergence,4
343,0.6925894913125392,convergence,4
344,0.6925894913125392,convergence,4
345,0.6925894913125392,convergence,4
346,0.6925894913125392,convergence,4
347,0.6925894913125392,convergence,4
348,0.6925894913125392,convergence,4
349,0.6925894913125392,convergence,4
350,0.6925894913125392,convergence,4
351,0.6925894913125392,convergence,4
352,0.6925894913125392,convergence,4
353,0.6925894913125392,convergence,4
354,0.6925894913125392,convergence,4
355,0.6925894913125392,convergence,4
356,0.6925894913125392,convergence,4
357,0.6925894913125392,convergence,4
358,0.6925894913125392,convergence,4
359,0.6925894913125392,convergence,4
360,0.6925894913125392,convergence,4
361,0.6925894913125392,convergence,4
362,0.6925894913125392,convergence,4
363,0.6925894913125392,convergence,4
364,0.6925894913125392,convergence,4
365,0.6925894913125392,convergence,4
366,0.6925894913125392,convergence,4
367,0.6925894913125392,convergence,4
368,0.6925894913125392,convergence,4
369,0.7055160142348754,convergence,4
370,0.7055160142348754,convergence,4
371,0.7055160142348754,convergence,4
372,0.7055160142348754,convergence,4
373,0.7055160142348754,convergence,4
374,0.7055160142348754,convergence,4
375,0.7055160142348754,convergence,4
376,0.7055160142348754,convergence,4
377,0.7055160142348754,convergence,4
378,0.7055160142348754,convergence,4
379,0.7055160142348754,convergence,4
380,0.7055160142348754,convergence,4
381,0.7055160142348754,convergence,4
382,0.7055160142348754,convergence,4
383,0.7055160142348754,convergence,4
384,0.7055160142348754,convergence,4
385,0.7055160142348754,convergence,4
386,0.7055160142348754,convergence,4
387,0.7148838182960017,convergence,4
388,0.7184425371572116,convergence,4
389,0.7184425371572116,convergence,4
390,0.7184425371572116,convergence,4
391,0.7184425371572116,convergence,4
392,0.7184425371572116,convergence,4
393,0.7184425371572116,convergence,4
394,0.7184425371572116,convergence,4
395,0.7184425371572116,convergence,4
396,0.7184425371572116,convergence,4
397,0.7184425371572116,convergence,4
398,0.7184425371572116,convergence,4
399,0.7184425371572116,convergence,4
400,0.7184425371572116,convergence,4
401,0.7184425371572116,convergence,4
402,0.7184425371572116,convergence,4
403,0.7184425371572116,convergence,4
404,0.7184425371572116,convergence,4
405,0.7184425371572116,convergence,4
406,0.7184425371572116,convergence,4
407,0.7184425371572116,convergence,4
408,0.7184425371572116,convergence,4
409,0.7184425371572116,convergence,4
410,0.7184425371572116,convergence,4
411,0.7184425371572116,convergence,4
412,0.7184425371572116,convergence,4
413,0.7184425371572116,convergence,4
414,0.7184425371572116,convergence,4
415,0.7184425371572116,convergence,4
416,0.7184425371572116,convergence,4
417,0.7184425371572116,convergence,4
418,0.7184425371572116,convergence,4
419,0.7278103412183379,convergence,4
420,0.7278103412183379,convergence,4
421,0.7278103412183379,convergence,4
422,0.7278103412183379,convergence,4
423,0.7278103412183379,convergence,4
424,0.7278103412183379,convergence,4
425,0.7278103412183379,convergence,4
426,0.7278103412183379,convergence,4
427,0.7278103412183379,convergence,4
428,0.7278103412183379,convergence,4
429,0.7278103412183379,convergence,4
430,0.7278103412183379,convergence,4
431,0.7278103412183379,convergence,4
432,0.7278103412183379,convergence,4
433,0.7278103412183379,convergence,4
434,0.7278103412183379,convergence,4
435,0.7278103412183379,convergence,4
436,0.7278103412183379,convergence,4
437,0.7278103412183379,convergence,4
438,0.7278103412183379,convergence,4
439,0.7278103412183379,convergence,4
440,0.7295897006489429,convergence,4
441,0.7295897006489429,convergence,4
442,0.7295897006489429,convergence,4
443,0.7295897006489429,convergence,4
444,0.7295897006489429,convergence,4
445,0.7295897006489429,convergence,4
446,0.7295897006489429,convergence,4
447,0.7295897006489429,convergence,4
448,0.7295897006489429,convergence,4
449,0.7295897006489429,convergence,4
450,0.7295897006489429,convergence,4
451,0.744295583001884,convergence,4
452,0.744295583001884,convergence,4
453,0.744295583001884,convergence,4
454,0.744295583001884,convergence,4
455,0.744295583001884,convergence,4
456,0.744295583001884,convergence,4
457,0.744295583001884,convergence,4
458,0.744295583001884,convergence,4
459,0.744295583001884,convergence,4
460,0.744295583001884,convergence,4
461,0.744295583001884,convergence,4
462,0.744295583001884,convergence,4
463,0.744295583001884,convergence,4
464,0.744295583001884,convergence,4
465,0.744295583001884,convergence,4
466,0.744295583001884,convergence,4
467,0.744295583001884,convergence,4
468,0.744295583001884,convergence,4
469,0.744295583001884,convergence,4
470,0.744295583001884,convergence,4
471,0.744295583001884,convergence,4
472,0.744295583001884,convergence,4
473,0.744295583001884,convergence,4
474,0.744295583001884,convergence,4
475,0.744295583001884,convergence,4
476,0.744295583001884,convergence,4
477,0.744295583001884,convergence,4
478,0.744295583001884,convergence,4
479,0.744295583001884,convergence,4
480,0.744295583001884,convergence,4
481,0.744295583001884,convergence,4
482,0.744295583001884,convergence,4
483,0.744295583001884,convergence,4
484,0.744295583001884,convergence,4
485,0.744295583001884,convergence,4
486,0.744295583001884,convergence,4
487,0.744295583001884,convergence,4
488,0.744295583001884,convergence,4
489,0.744295583001884,convergence,4
490,0.744295583001884,convergence,4
491,0.744295583001884,convergence,4
492,0.744295583001884,convergence,4
493,0.744295583001884,convergence,4
494,0.744295583001884,convergence,4
495,0.744295583001884,convergence,4
496,0.744295583001884,convergence,4
497,0.744295583001884,convergence,4
498,0.744295583001884,convergence,4
499,0.744295583001884,convergence,4
500,0.744295583001884,convergence,4
501,0.744295583001884,convergence,4
502,0.744295583001884,convergence,4
503,0.744295583001884,convergence,4
504,0.744295583001884,convergence,4
505,0.744295583001884,convergence,4
506,0.744295583001884,convergence,4
507,0.744295583001884,convergence,4
508,0.744295583001884,convergence,4
509,0.744295583001884,convergence,4
510,0.744295583001884,convergence,4
511,0.744295583001884,convergence,4
512,0.744295583001884,convergence,4
513,0.744295583001884,convergence,4
514,0.744295583001884,convergence,4
515,0.744295583001884,convergence,4
516,0.744295583001884,convergence,4
517,0.744295583001884,convergence,4
518,0.744295583001884,convergence,4
519,0.744295583001884,convergence,4
520,0.744295583001884,convergence,4
521,0.744295583001884,convergence,4
522,0.744295583001884,convergence,4
523,0.744295583001884,convergence,4
524,0.744295583001884,convergence,4
525,0.744295583001884,convergence,4
526,0.744295583001884,convergence,4
527,0.744295583001884,convergence,4
528,0.744295583001884,convergence,4
529,0.744295583001884,convergence,4
530,0.744295583001884,convergence,4
531,0.744295583001884,convergence,4
532,0.744295583001884,convergence,4
533,0.744295583001884,convergence,4
534,0.744295583001884,convergence,4
535,0.744295583001884,convergence,4
536,0.744295583001884,convergence,4
537,0.744295583001884,convergence,4
538,0.744295583001884,convergence,4
539,0.744295583001884,convergence,4
540,0.744295583001884,convergence,4
541,0.744295583001884,convergence,4
542,0.744295583001884,convergence,4
543,0.744295583001884,convergence,4
544,0.744295583001884,convergence,4
545,0.744295583001884,convergence,4
546,0.744295583001884,convergence,4
547,0.744295583001884,convergence,4
548,0.744295583001884,convergence,4
549,0.744295583001884,convergence,4
550,0.744295583001884,convergence,4
551,0.744295583001884,convergence,4
552,0.744295583001884,convergence,4
553,0.744295583001884,convergence,4
554,0.744295583001884,convergence,4
555,0.744295583001884,convergence,4
556,0.744295583001884,convergence,4
557,0.744295583001884,convergence,4
558,0.744295583001884,convergence,4
559,0.744295583001884,convergence,4
560,0.744295583001884,convergence,4
561,0.744295583001884,convergence,4
562,0.744295583001884,convergence,4
563,0.744295583001884,convergence,4
564,0.744295583001884,convergence,4
565,0.744295583001884,convergence,4
566,0.744295583001884,convergence,4
567,0.744295583001884,convergence,4
568,0.744295583001884,convergence,4
569,0.744295583001884,convergence,4
570,0.744295583001884,convergence,4
571,0.744295583001884,convergence,4
572,0.744295583001884,convergence,4
573,0.744295583001884,convergence,4
574,0.744295583001884,convergence,4
575,0.744295583001884,convergence,4
576,0.744295583001884,convergence,4
577,0.744295583001884,convergence,4
578,0.744295583001884,convergence,4
579,0.744295583001884,convergence,4
580,0.744295583001884,convergence,4
581,0.744295583001884,convergence,4
582,0.744295583001884,convergence,4
583,0.744295583001884,convergence,4
584,0.744295583001884,convergence,4
585,0.744295583001884,convergence,4
586,0.744295583001884,convergence,4
587,0.744295583001884,convergence,4
588,0.744295583001884,convergence,4
589,0.744295583001884,convergence,4
590,0.744295583001884,convergence,4
591,0.744295583001884,convergence,4
592,0.744295583001884,convergence,4
593,0.744295583001884,convergence,4
594,0.744295583001884,convergence,4
595,0.744295583001884,convergence,4
596,0.744295583001884,convergence,4
597,0.744295583001884,convergence,4
598,0.744295583001884,convergence,4
599,0.744295583001884,convergence,4
600,0.744295583001884,convergence,4
601,0.744295583001884,convergence,4
602,0.744295583001884,convergence,4
603,0.744295583001884,convergence,4
604,0.744295583001884,convergence,4
605,0.744295583001884,convergence,4
606,0.744295583001884,convergence,4
607,0.744295583001884,convergence,4
608,0.744295583001884,convergence,4
609,0.744295583001884,convergence,4
610,0.744295583001884,convergence,4
611,0.744295583001884,convergence,4
612,0.744295583001884,convergence,4
613,0.744295583001884,convergence,4
614,0.744295583001884,convergence,4
615,0.744295583001884,convergence,4
616,0.744295583001884,convergence,4
617,0.744295583001884,convergence,4
618,0.744295583001884,convergence,4
619,0.744295583001884,convergence,4
620,0.744295583001884,convergence,4
621,0.744295583001884,convergence,4
622,0.744295583001884,convergence,4
623,0.744295583001884,convergence,4
624,0.744295583001884,convergence,4
625,0.744295583001884,convergence,4
626,0.744295583001884,convergence,4
627,0.744295583001884,convergence,4
628,0.744295583001884,convergence,4
629,0.744295583001884,convergence,4
630,0.744295583001884,convergence,4
631,0.744295583001884,convergence,4
632,0.744295583001884,convergence,4
633,0.744295583001884,convergence,4
634,0.744295583001884,convergence,4
635,0.744295583001884,convergence,4
636,0.744295583001884,convergence,4
637,0.744295583001884,convergence,4
638,0.744295583001884,convergence,4
639,0.744295583001884,convergence,4
640,0.744295583001884,convergence,4
641,0.744295583001884,convergence,4
642,0.744295583001884,convergence,4
643,0.744295583001884,convergence,4
644,0.744295583001884,convergence,4
645,0.744295583001884,convergence,4
646,0.744295583001884,convergence,4
647,0.744295583001884,convergence,4
648,0.744295583001884,convergence,4
649,0.744295583001884,convergence,4
650,0.744295583001884,convergence,4
651,0.744295583001884,convergence,4
652,0.7554427464936153,convergence,4
653,0.7554427464936153,convergence,4
654,0.7554427464936153,convergence,4
655,0.7554427464936153,convergence,4
656,0.7554427464936153,convergence,4
657,0.7554427464936153,convergence,4
658,0.7554427464936153,convergence,4
659,0.7554427464936153,convergence,4
660,0.7554427464936153,convergence,4
661,0.7554427464936153,convergence,4
662,0.7554427464936153,convergence,4
663,0.7554427464936153,convergence,4
664,0.7554427464936153,convergence,4
665,0.7554427464936153,convergence,4
666,0.7554427464936153,convergence,4
667,0.7719279882771615,convergence,4
668,0.7723989951852628,convergence,4
669,0.7759577140464726,convergence,4
670,0.7777370734770777,convergence,4
671,0.7777370734770777,convergence,4
672,0.7777370734770777,convergence,4
673,0.7777370734770777,convergence,4
674,0.7777370734770777,convergence,4
675,0.7777370734770777,convergence,4
676,0.7777370734770777,convergence,4
677,0.7777370734770777,convergence,4
678,0.7777370734770777,convergence,4
679,0.7777370734770777,convergence,4
680,0.7777370734770777,convergence,4
681,0.7777370734770777,convergence,4
682,0.7777370734770777,convergence,4
683,0.7777370734770777,convergence,4
684,0.7777370734770777,convergence,4
685,0.7777370734770777,convergence,4
686,0.7777370734770777,convergence,4
687,0.7777370734770777,convergence,4
688,0.7777370734770777,convergence,4
689,0.7777370734770777,convergence,4
690,0.7777370734770777,convergence,4
691,0.7777370734770777,convergence,4
692,0.7777370734770777,convergence,4
693,0.7777370734770777,convergence,4
694,0.7777370734770777,convergence,4
695,0.7777370734770777,convergence,4
696,0.7777370734770777,convergence,4
697,0.7777370734770777,convergence,4
698,0.7777370734770777,convergence,4
699,0.7777370734770777,convergence,4
700,0.7777370734770777,convergence,4
701,0.7777370734770777,convergence,4
702,0.7777370734770777,convergence,4
703,0.7777370734770777,convergence,4
704,0.7777370734770777,convergence,4
705,0.7777370734770777,convergence,4
706,0.7871048775382039,convergence,4
707,0.7871048775382039,convergence,4
708,0.7871048775382039,convergence,4
709,0.7871048775382039,convergence,4
710,0.7871048775382039,convergence,4
711,0.7871048775382039,convergence,4
712,0.7871048775382039,convergence,4
713,0.7871048775382039,convergence,4
714,0.7871048775382039,convergence,4
715,0.7871048775382039,convergence,4
716,0.7871048775382039,convergence,4
717,0.7871048775382039,convergence,4
718,0.7871048775382039,convergence,4
719,0.7871048775382039,convergence,4
720,0.7871048775382039,convergence,4
721,0.7888842369688089,convergence,4
722,0.7888842369688089,convergence,4
723,0.7888842369688089,convergence,4
724,0.7888842369688089,convergence,4
725,0.7888842369688089,convergence,4
726,0.7888842369688089,convergence,4
727,0.7888842369688089,convergence,4
728,0.7888842369688089,convergence,4
729,0.7924429558300188,convergence,4
730,0.7924429558300188,convergence,4
731,0.7924429558300188,convergence,4
732,0.7942223152606238,convergence,4
733,0.7942223152606238,convergence,4
734,0.7942223152606238,convergence,4
735,0.7960016746912288,convergence,4
736,0.7960016746912288,convergence,4
737,0.7960016746912288,convergence,4
738,0.7960016746912288,convergence,4
739,0.7960016746912288,convergence,4
740,0.7960016746912288,convergence,4
741,0.7960016746912288,convergence,4
742,0.7960016746912288,convergence,4
743,0.7960016746912288,convergence,4
744,0.7960016746912288,convergence,4
745,0.7960016746912288,convergence,4
746,0.7960016746912288,convergence,4
747,0.7960016746912288,convergence,4
748,0.7960016746912288,convergence,4
749,0.7960016746912288,convergence,4
750,0.7960016746912288,convergence,4
751,0.7960016746912288,convergence,4
752,0.7960016746912288,convergence,4
753,0.7960016746912288,convergence,4
754,0.7960016746912288,convergence,4
755,0.7960016746912288,convergence,4
756,0.80714883818296,convergence,4
757,0.80714883818296,convergence,4
758,0.80714883818296,convergence,4
759,0.80714883818296,convergence,4
760,0.80714883818296,convergence,4
761,0.80714883818296,convergence,4
762,0.80714883818296,convergence,4
763,0.80714883818296,convergence,4
764,0.80714883818296,convergence,4
765,0.80714883818296,convergence,4
766,0.80714883818296,convergence,4
767,0.80714883818296,convergence,4
768,0.80714883818296,convergence,4
769,0.80714883818296,convergence,4
770,0.80714883818296,convergence,4
771,0.80714883818296,convergence,4
772,0.80714883818296,convergence,4
773,0.80714883818296,convergence,4
774,0.80714883818296,convergence,4
775,0.80714883818296,convergence,4
776,0.80714883818296,convergence,4
777,0.80714883818296,convergence,4
778,0.80714883818296,convergence,4
779,0.80714883818296,convergence,4
780,0.80714883818296,convergence,4
781,0.80714883818296,convergence,4
782,0.80714883818296,convergence,4
783,0.80714883818296,convergence,4
784,0.80714883818296,convergence,4
785,0.80714883818296,convergence,4
786,0.80714883818296,convergence,4
787,0.80714883818296,convergence,4
788,0.80714883818296,convergence,4
789,0.80714883818296,convergence,4
790,0.80714883818296,convergence,4
791,0.80714883818296,convergence,4
792,0.80714883818296,convergence,4
793,0.80714883818296,convergence,4
794,0.80714883818296,convergence,4
795,0.80714883818296,convergence,4
796,0.80714883818296,convergence,4
797,0.80714883818296,convergence,4
798,0.80714883818296,convergence,4
799,0.80714883818296,convergence,4
800,0.80714883818296,convergence,4
801,0.80714883818296,convergence,4
802,0.80714883818296,convergence,4
803,0.80714883818296,convergence,4
804,0.80714883818296,convergence,4
805,0.80714883818296,convergence,4
806,0.80714883818296,convergence,4
807,0.80714883818296,convergence,4
808,0.80714883818296,convergence,4
809,0.80714883818296,convergence,4
810,0.80714883818296,convergence,4
811,0.80714883818296,convergence,4
812,0.80714883818296,convergence,4
813,0.80714883818296,convergence,4
814,0.80714883818296,convergence,4
815,0.80714883818296,convergence,4
816,0.80714883818296,convergence,4
817,0.80714883818296,convergence,4
818,0.8165166422440862,convergence,4
819,0.8218547205359011,convergence,4
820,0.8218547205359011,convergence,4
821,0.8218547205359011,convergence,4
822,0.8218547205359011,convergence,4
823,0.8218547205359011,convergence,4
824,0.8236340799665062,convergence,4
825,0.8236340799665062,convergence,4
826,0.8236340799665062,convergence,4
827,0.8236340799665062,convergence,4
828,0.8236340799665062,convergence,4
829,0.8236340799665062,convergence,4
830,0.8254134393971111,convergence,4
831,0.8254134393971111,convergence,4
832,0.8254134393971111,convergence,4
833,0.8254134393971111,convergence,4
834,0.8271927988277161,convergence,4
835,0.8289721582583212,convergence,4
836,0.8289721582583212,convergence,4
837,0.8289721582583212,convergence,4
838,0.8289721582583212,convergence,4
839,0.8289721582583212,convergence,4
840,0.8365606028888424,convergence,4
841,0.8383399623194474,convergence,4
842,0.8383399623194474,convergence,4
843,0.8383399623194474,convergence,4
844,0.8383399623194474,convergence,4
845,0.8401193217500523,convergence,4
846,0.8401193217500523,convergence,4
847,0.8401193217500523,convergence,4
848,0.8401193217500523,convergence,4
849,0.8436780406112623,convergence,4
850,0.8436780406112623,convergence,4
851,0.8436780406112623,convergence,4
852,0.8436780406112623,convergence,4
853,0.8436780406112623,convergence,4
854,0.8436780406112623,convergence,4
855,0.8436780406112623,convergence,4
856,0.8436780406112623,convergence,4
857,0.8436780406112623,convergence,4
858,0.8436780406112623,convergence,4
859,0.8436780406112623,convergence,4
860,0.8436780406112623,convergence,4
861,0.8454574000418673,convergence,4
862,0.8454574000418673,convergence,4
863,0.8454574000418673,convergence,4
864,0.8454574000418673,convergence,4
865,0.8454574000418673,convergence,4
866,0.8530458446723885,convergence,4
867,0.8530458446723885,convergence,4
868,0.8530458446723885,convergence,4
869,0.8548252041029936,convergence,4
870,0.8548252041029936,convergence,4
871,0.8548252041029936,convergence,4
872,0.8548252041029936,convergence,4
873,0.8548252041029936,convergence,4
874,0.8548252041029936,convergence,4
875,0.8548252041029936,convergence,4
876,0.8548252041029936,convergence,4
877,0.8548252041029936,convergence,4
878,0.8548252041029936,convergence,4
879,0.8548252041029936,convergence,4
880,0.8548252041029936,convergence,4
881,0.8548252041029936,convergence,4
882,0.8548252041029936,convergence,4
883,0.8566045635335985,convergence,4
884,0.8566045635335985,convergence,4
885,0.8566045635335985,convergence,4
886,0.8566045635335985,convergence,4
887,0.8566045635335985,convergence,4
888,0.8566045635335985,convergence,4
889,0.8566045635335985,convergence,4
890,0.8566045635335985,convergence,4
891,0.8566045635335985,convergence,4
892,0.8566045635335985,convergence,4
893,0.8566045635335985,convergence,4
894,0.8566045635335985,convergence,4
895,0.8566045635335985,convergence,4
896,0.8566045635335985,convergence,4
897,0.8566045635335985,convergence,4
898,0.8566045635335985,convergence,4
899,0.8566045635335985,convergence,4
900,0.8566045635335985,convergence,4
901,0.8566045635335985,convergence,4
902,0.8566045635335985,convergence,4
903,0.8566045635335985,convergence,4
904,0.8566045635335985,convergence,4
905,0.8566045635335985,convergence,4
906,0.8566045635335985,convergence,4
907,0.8566045635335985,convergence,4
908,0.8566045635335985,convergence,4
909,0.8566045635335985,convergence,4
910,0.8566045635335985,convergence,4
911,0.8566045635335985,convergence,4
912,0.8566045635335985,convergence,4
913,0.8566045635335985,convergence,4
914,0.8566045635335985,convergence,4
915,0.8566045635335985,convergence,4
916,0.8566045635335985,convergence,4
917,0.8566045635335985,convergence,4
918,0.8566045635335985,convergence,4
919,0.8566045635335985,convergence,4
920,0.8566045635335985,convergence,4
921,0.8566045635335985,convergence,4
922,0.8566045635335985,convergence,4
923,0.8566045635335985,convergence,4
924,0.8566045635335985,convergence,4
925,0.8566045635335985,convergence,4
926,0.8566045635335985,convergence,4
927,0.8566045635335985,convergence,4
928,0.8566045635335985,convergence,4
929,0.8566045635335985,convergence,4
930,0.8566045635335985,convergence,4
931,0.8566045635335985,convergence,4
932,0.8566045635335985,convergence,4
933,0.8566045635335985,convergence,4
934,0.8566045635335985,convergence,4
935,0.8566045635335985,convergence,4
936,0.8566045635335985,convergence,4
937,0.8566045635335985,convergence,4
938,0.8566045635335985,convergence,4
939,0.8566045635335985,convergence,4
940,0.8566045635335985,convergence,4
941,0.8566045635335985,convergence,4
942,0.8566045635335985,convergence,4
943,0.8566045635335985,convergence,4
944,0.8566045635335985,convergence,4
945,0.8566045635335985,convergence,4
946,0.8566045635335985,convergence,4
947,0.8566045635335985,convergence,4
948,0.8566045635335985,convergence,4
949,0.8566045635335985,convergence,4
950,0.8583839229642034,convergence,4
951,0.8583839229642034,convergence,4
952,0.8583839229642034,convergence,4
953,0.8583839229642034,convergence,4
954,0.8583839229642034,convergence,4
955,0.8583839229642034,convergence,4
956,0.8583839229642034,convergence,4
957,0.8583839229642034,convergence,4
958,0.8583839229642034,convergence,4
959,0.8583839229642034,convergence,4
960,0.8583839229642034,convergence,4
961,0.8583839229642034,convergence,4
962,0.8583839229642034,convergence,4
963,0.8583839229642034,convergence,4
964,0.8583839229642034,convergence,4
965,0.8583839229642034,convergence,4
966,0.8583839229642034,convergence,4
967,0.8583839229642034,convergence,4
968,0.8583839229642034,convergence,4
969,0.8583839229642034,convergence,4
970,0.8583839229642034,convergence,4
971,0.8583839229642034,convergence,4
972,0.8583839229642034,convergence,4
973,0.8583839229642034,convergence,4
974,0.8583839229642034,convergence,4
975,0.8583839229642034,convergence,4
976,0.8583839229642034,convergence,4
977,0.8583839229642034,convergence,4
978,0.8583839229642034,convergence,4
979,0.8583839229642034,convergence,4
980,0.8583839229642034,convergence,4
981,0.8583839229642034,convergence,4
982,0.8583839229642034,convergence,4
983,0.8583839229642034,convergence,4
984,0.8583839229642034,convergence,4
985,0.8583839229642034,convergence,4
986,0.8583839229642034,convergence,4
987,0.8583839229642034,convergence,4
988,0.8583839229642034,convergence,4
989,0.8583839229642034,convergence,4
990,0.8583839229642034,convergence,4
991,0.8583839229642034,convergence,4
992,0.8583839229642034,convergence,4
993,0.8601632823948084,convergence,4
994,0.8601632823948084,convergence,4
995,0.8601632823948084,convergence,4
996,0.8601632823948084,convergence,4
997,0.8695310864559347,convergence,4
998,0.8695310864559347,convergence,4
999,0.8713104458865397,convergence,4
1000,0.8713104458865397,convergence,4
1001,0.8713104458865397,convergence,4
1002,0.8713104458865397,convergence,4
1003,0.8713104458865397,convergence,4
1004,0.8713104458865397,convergence,4
1005,0.8713104458865397,convergence,4
1006,0.8713104458865397,convergence,4
1007,0.8713104458865397,convergence,4
1008,0.8713104458865397,convergence,4
1009,0.8713104458865397,convergence,4
1010,0.8713104458865397,convergence,4
1011,0.8713104458865397,convergence,4
1012,0.8713104458865397,convergence,4
1013,0.8713104458865397,convergence,4
1014,0.8713104458865397,convergence,4
1015,0.8713104458865397,convergence,4
1016,0.8713104458865397,convergence,4
1017,0.8713104458865397,convergence,4
1018,0.8713104458865397,convergence,4
1019,0.8713104458865397,convergence,4
1020,0.8713104458865397,convergence,4
1021,0.8713104458865397,convergence,4
1022,0.8713104458865397,convergence,4
1023,0.8713104458865397,convergence,4
1024,0.8713104458865397,convergence,4
1025,0.8713104458865397,convergence,4
1026,0.8713104458865397,convergence,4
1027,0.8713104458865397,convergence,4
1028,0.8713104458865397,convergence,4
1029,0.8713104458865397,convergence,4
1030,0.8713104458865397,convergence,4
1031,0.8713104458865397,convergence,4
1032,0.8713104458865397,convergence,4
1033,0.8713104458865397,convergence,4
1034,0.8713104458865397,convergence,4
1035,0.8713104458865397,convergence,4
1036,0.8713104458865397,convergence,4
1037,0.8713104458865397,convergence,4
1038,0.8713104458865397,convergence,4
1039,0.8713104458865397,convergence,4
1040,0.8713104458865397,convergence,4
1041,0.8713104458865397,convergence,4
1042,0.8730898053171446,convergence,4
1043,0.8730898053171446,convergence,4
1044,0.8730898053171446,convergence,4
1045,0.8730898053171446,convergence,4
1046,0.8730898053171446,convergence,4
1047,0.8730898053171446,convergence,4
1048,0.8730898053171446,convergence,4
1049,0.8730898053171446,convergence,4
1050,0.8730898053171446,convergence,4
1051,0.8730898053171446,convergence,4
1052,0.8730898053171446,convergence,4
1053,0.8730898053171446,convergence,4
1054,0.8730898053171446,convergence,4
1055,0.8730898053171446,convergence,4
1056,0.8730898053171446,convergence,4
1057,0.8730898053171446,convergence,4
1058,0.8730898053171446,convergence,4
1059,0.8730898053171446,convergence,4
1060,0.8730898053171446,convergence,4
1061,0.8730898053171446,convergence,4
1062,0.8730898053171446,convergence,4
1063,0.8730898053171446,convergence,4
1064,0.8730898053171446,convergence,4
1065,0.8730898053171446,convergence,4
1066,0.8730898053171446,convergence,4
1067,0.8730898053171446,convergence,4
1068,0.8730898053171446,convergence,4
1069,0.8730898053171446,convergence,4
1070,0.8730898053171446,convergence,4
1071,0.8730898053171446,convergence,4
1072,0.8730898053171446,convergence,4
1073,0.8730898053171446,convergence,4
1074,0.8730898053171446,convergence,4
1075,0.8730898053171446,convergence,4
1076,0.8730898053171446,convergence,4
1077,0.8730898053171446,convergence,4
1078,0.8730898053171446,convergence,4
1079,0.8730898053171446,convergence,4
1080,0.8730898053171446,convergence,4
1081,0.8730898053171446,convergence,4
1082,0.8730898053171446,convergence,4
1083,0.8730898053171446,convergence,4
1084,0.8730898053171446,convergence,4
1085,0.8730898053171446,convergence,4
1086,0.8730898053171446,convergence,4
1087,0.8730898053171446,convergence,4
1088,0.8730898053171446,convergence,4
1089,0.8730898053171446,convergence,4
1090,0.8730898053171446,convergence,4
1091,0.8730898053171446,convergence,4
1092,0.8730898053171446,convergence,4
1093,0.8730898053171446,convergence,4
1094,0.8730898053171446,convergence,4
1095,0.8730898053171446,convergence,4
1096,0.8730898053171446,convergence,4
1097,0.8730898053171446,convergence,4
1098,0.8730898053171446,convergence,4
1099,0.8730898053171446,convergence,4
1100,0.8730898053171446,convergence,4
1101,0.8730898053171446,convergence,4
1102,0.8730898053171446,convergence,4
1103,0.8730898053171446,convergence,4
1104,0.8730898053171446,convergence,4
1105,0.8730898053171446,convergence,4
1106,0.8730898053171446,convergence,4
1107,0.8730898053171446,convergence,4
1108,0.8730898053171446,convergence,4
1109,0.8730898053171446,convergence,4
1110,0.8730898053171446,convergence,4
1111,0.8730898053171446,convergence,4
1112,0.8730898053171446,convergence,4
1113,0.8730898053171446,convergence,4
1114,0.8730898053171446,convergence,4
1115,0.8730898053171446,convergence,4
1116,0.8730898053171446,convergence,4
1117,0.8730898053171446,convergence,4
1118,0.8730898053171446,convergence,4
1119,0.8730898053171446,convergence,4
1120,0.8730898053171446,convergence,4
1121,0.8730898053171446,convergence,4
1122,0.8730898053171446,convergence,4
1123,0.8730898053171446,convergence,4
1124,0.8730898053171446,convergence,4
1125,0.8730898053171446,convergence,4
1126,0.8730898053171446,convergence,4
1127,0.8730898053171446,convergence,4
1128,0.8730898053171446,convergence,4
1129,0.8730898053171446,convergence,4
1130,0.8730898053171446,convergence,4
1131,0.8730898053171446,convergence,4
1132,0.8730898053171446,convergence,4
1133,0.8730898053171446,convergence,4
1134,0.8730898053171446,convergence,4
1135,0.8730898053171446,convergence,4
1136,0.8730898053171446,convergence,4
1137,0.8730898053171446,convergence,4
1138,0.8730898053171446,convergence,4
1139,0.8730898053171446,convergence,4
1140,0.8730898053171446,convergence,4
1141,0.8730898053171446,convergence,4
1142,0.8730898053171446,convergence,4
1143,0.8730898053171446,convergence,4
1144,0.8730898053171446,convergence,4
1145,0.8730898053171446,convergence,4
1146,0.8730898053171446,convergence,4
1147,0.8730898053171446,convergence,4
1148,0.8730898053171446,convergence,4
1149,0.8730898053171446,convergence,4
1150,0.8730898053171446,convergence,4
1151,0.8730898053171446,convergence,4
1152,0.8730898053171446,convergence,4
1153,0.8730898053171446,convergence,4
1154,0.8730898053171446,convergence,4
1155,0.8730898053171446,convergence,4
1156,0.8730898053171446,convergence,4
1157,0.8730898053171446,convergence,4
1158,0.8730898053171446,convergence,4
1159,0.8824576093782709,convergence,4
1160,0.8824576093782709,convergence,4
1161,0.8824576093782709,convergence,4
1162,0.8824576093782709,convergence,4
1163,0.8824576093782709,convergence,4
1164,0.8824576093782709,convergence,4
1165,0.8824576093782709,convergence,4
1166,0.8824576093782709,convergence,4
1167,0.8824576093782709,convergence,4
1168,0.8824576093782709,convergence,4
1169,0.8824576093782709,convergence,4
1170,0.8824576093782709,convergence,4
1171,0.8824576093782709,convergence,4
1172,0.8824576093782709,convergence,4
1173,0.8824576093782709,convergence,4
1174,0.8824576093782709,convergence,4
1175,0.8824576093782709,convergence,4
1176,0.8824576093782709,convergence,4
1177,0.8824576093782709,convergence,4
1178,0.8824576093782709,convergence,4
1179,0.8824576093782709,convergence,4
1180,0.8824576093782709,convergence,4
1181,0.8842369688088758,convergence,4
1182,0.8842369688088758,convergence,4
1183,0.8842369688088758,convergence,4
1184,0.8842369688088758,convergence,4
1185,0.8842369688088758,convergence,4
1186,0.8842369688088758,convergence,4
1187,0.8842369688088758,convergence,4
1188,0.8842369688088758,convergence,4
1189,0.8842369688088758,convergence,4
1190,0.8842369688088758,convergence,4
1191,0.8842369688088758,convergence,4
1192,0.8842369688088758,convergence,4
1193,0.8842369688088758,convergence,4
1194,0.8842369688088758,convergence,4
1195,0.8860163282394808,convergence,4
1196,0.8860163282394808,convergence,4
1197,0.8860163282394808,convergence,4
1198,0.8860163282394808,convergence,4
1199,0.8860163282394808,convergence,4
1200,0.8860163282394808,convergence,4
1201,0.8860163282394808,convergence,4
1202,0.8860163282394808,convergence,4
1203,0.8860163282394808,convergence,4
1204,0.8860163282394808,convergence,4
1205,0.8860163282394808,convergence,4
1206,0.8860163282394808,convergence,4
1207,0.8860163282394808,convergence,4
1208,0.8860163282394808,convergence,4
1209,0.8860163282394808,convergence,4
1210,0.8877956876700859,convergence,4
1211,0.8913544065312957,convergence,4
1212,0.8913544065312957,convergence,4
1213,0.8913544065312957,convergence,4
1214,0.8913544065312957,convergence,4
1215,0.8913544065312957,convergence,4
1216,0.8913544065312957,convergence,4
1217,0.8913544065312957,convergence,4
1218,0.8913544065312957,convergence,4
1219,0.8913544065312957,convergence,4
1220,0.8913544065312957,convergence,4
1221,0.8913544065312957,convergence,4
1222,0.8913544065312957,convergence,4
1223,0.8913544065312957,convergence,4
1224,0.8913544065312957,convergence,4
1225,0.8913544065312957,convergence,4
1226,0.8913544065312957,convergence,4
1227,0.8913544065312957,convergence,4
1228,0.8913544065312957,convergence,4
1229,0.8913544065312957,convergence,4
1230,0.8913544065312957,convergence,4
1231,0.8913544065312957,convergence,4
1232,0.8913544065312957,convergence,4
1233,0.8913544065312957,convergence,4
1234,0.8913544065312957,convergence,4
1235,0.8913544065312957,convergence,4
1236,0.8913544065312957,convergence,4
1237,0.8913544065312957,convergence,4
1238,0.8913544065312957,convergence,4
1239,0.8913544065312957,convergence,4
1240,0.8913544065312957,convergence,4
1241,0.8913544065312957,convergence,4
1242,0.8913544065312957,convergence,4
1243,0.8931337659619007,convergence,4
1244,0.8931337659619007,convergence,4
1245,0.8931337659619007,convergence,4
1246,0.8931337659619007,convergence,4
1247,0.8931337659619007,convergence,4
1248,0.8931337659619007,convergence,4
1249,0.8931337659619007,convergence,4
1250,0.8931337659619007,convergence,4
1251,0.8931337659619007,convergence,4
1252,0.8931337659619007,convergence,4
1253,0.8931337659619007,convergence,4
1254,0.8931337659619007,convergence,4
1255,0.8931337659619007,convergence,4
1256,0.8931337659619007,convergence,4
1257,0.8931337659619007,convergence,4
1258,0.8931337659619007,convergence,4
1259,0.8931337659619007,convergence,4
1260,0.8931337659619007,convergence,4
1261,0.8931337659619007,convergence,4
1262,0.8931337659619007,convergence,4
1263,0.8931337659619007,convergence,4
1264,0.8931337659619007,convergence,4
1265,0.8931337659619007,convergence,4
1266,0.8931337659619007,convergence,4
1267,0.8931337659619007,convergence,4
1268,0.8931337659619007,convergence,4
1269,0.8931337659619007,convergence,4
1270,0.8931337659619007,convergence,4
1271,0.8931337659619007,convergence,4
1272,0.8931337659619007,convergence,4
1273,0.8931337659619007,convergence,4
1274,0.8931337659619007,convergence,4
1275,0.8931337659619007,convergence,4
1276,0.8931337659619007,convergence,4
1277,0.8931337659619007,convergence,4
1278,0.8931337659619007,convergence,4
1279,0.8931337659619007,convergence,4
1280,0.8931337659619007,convergence,4
1281,0.8931337659619007,convergence,4
1282,0.8931337659619007,convergence,4
1283,0.8931337659619007,convergence,4
1284,0.8931337659619007,convergence,4
1285,0.8931337659619007,convergence,4
1286,0.8931337659619007,convergence,4
1287,0.8931337659619007,convergence,4
1288,0.8931337659619007,convergence,4
1289,0.8931337659619007,convergence,4
1290,0.8931337659619007,convergence,4
1291,0.8931337659619007,convergence,4
1292,0.8931337659619007,convergence,4
1293,0.8931337659619007,convergence,4
1294,0.8931337659619007,convergence,4
1295,0.8931337659619007,convergence,4
1296,0.8931337659619007,convergence,4
1297,0.8931337659619007,convergence,4
1298,0.8931337659619007,convergence,4
1299,0.8931337659619007,convergence,4
1300,0.8931337659619007,convergence,4
1301,0.8931337659619007,convergence,4
1302,0.8931337659619007,convergence,4
1303,0.8931337659619007,convergence,4
1304,0.8931337659619007,convergence,4
1305,0.8931337659619007,convergence,4
1306,0.8931337659619007,convergence,4
1307,0.8931337659619007,convergence,4
1308,0.8931337659619007,convergence,4
1309,0.8931337659619007,convergence,4
1310,0.8931337659619007,convergence,4
1311,0.8931337659619007,convergence,4
1312,0.8931337659619007,convergence,4
1313,0.8931337659619007,convergence,4
1314,0.8931337659619007,convergence,4
1315,0.8931337659619007,convergence,4
1316,0.8931337659619007,convergence,4
1317,0.8931337659619007,convergence,4
1318,0.8931337659619007,convergence,4
1319,0.8931337659619007,convergence,4
1320,0.8931337659619007,convergence,4
1321,0.8931337659619007,convergence,4
1322,0.8931337659619007,convergence,4
1323,0.8931337659619007,convergence,4
1324,0.8931337659619007,convergence,4
1325,0.902501570023027,convergence,4
1326,0.902501570023027,convergence,4
1327,0.902501570023027,convergence,4
1328,0.902501570023027,convergence,4
1329,0.904280929453632,convergence,4
1330,0.904280929453632,convergence,4
1331,0.904280929453632,convergence,4
1332,0.904280929453632,convergence,4
1333,0.904280929453632,convergence,4
1334,0.904280929453632,convergence,4
1335,0.904280929453632,convergence,4
1336,0.904280929453632,convergence,4
1337,0.904280929453632,convergence,4
1338,0.904280929453632,convergence,4
1339,0.904280929453632,convergence,4
1340,0.904280929453632,convergence,4
1341,0.904280929453632,convergence,4
1342,0.904280929453632,convergence,4
1343,0.904280929453632,convergence,4
1344,0.904280929453632,convergence,4
1345,0.904280929453632,convergence,4
1346,0.904280929453632,convergence,4
1347,0.904280929453632,convergence,4
1348,0.904280929453632,convergence,4
1349,0.904280929453632,convergence,4
1350,0.904280929453632,convergence,4
1351,0.904280929453632,convergence,4
1352,0.904280929453632,convergence,4
1353,0.904280929453632,convergence,4
1354,0.904280929453632,convergence,4
1355,0.904280929453632,convergence,4
1356,0.904280929453632,convergence,4
1357,0.906060288884237,convergence,4
1358,0.906060288884237,convergence,4
1359,0.906060288884237,convergence,4
1360,0.906060288884237,convergence,4
1361,0.906060288884237,convergence,4
1362,0.9078396483148419,convergence,4
1363,0.9078396483148419,convergence,4
1364,0.9078396483148419,convergence,4
1365,0.9078396483148419,convergence,4
1366,0.9078396483148419,convergence,4
1367,0.9078396483148419,convergence,4
1368,0.9078396483148419,convergence,4
1369,0.9078396483148419,convergence,4
1370,0.9078396483148419,convergence,4
1371,0.9078396483148419,convergence,4
1372,0.9096190077454469,convergence,4
1373,0.9113983671760519,convergence,4
1374,0.9113983671760519,convergence,4
1375,0.9113983671760519,convergence,4
1376,0.9113983671760519,convergence,4
1377,0.9113983671760519,convergence,4
1378,0.9113983671760519,convergence,4
1379,0.9113983671760519,convergence,4
1380,0.9113983671760519,convergence,4
1381,0.9113983671760519,convergence,4
1382,0.9113983671760519,convergence,4
1383,0.9113983671760519,convergence,4
1384,0.9113983671760519,convergence,4
1385,0.9113983671760519,convergence,4
1386,0.9113983671760519,convergence,4
1387,0.9113983671760519,convergence,4
1388,0.9113983671760519,convergence,4
1389,0.9113983671760519,convergence,4
1390,0.9113983671760519,convergence,4
1391,0.9113983671760519,convergence,4
1392,0.9113983671760519,convergence,4
1393,0.9113983671760519,convergence,4
1394,0.9113983671760519,convergence,4
1395,0.9113983671760519,convergence,4
1396,0.9113983671760519,convergence,4
1397,0.9113983671760519,convergence,4
1398,0.9113983671760519,convergence,4
1399,0.9113983671760519,convergence,4
1400,0.9113983671760519,convergence,4
1401,0.9113983671760519,convergence,4
1402,0.9113983671760519,convergence,4
1403,0.9113983671760519,convergence,4
1404,0.9113983671760519,convergence,4
1405,0.9113983671760519,convergence,4
1406,0.9113983671760519,convergence,4
1407,0.9113983671760519,convergence,4
1408,0.9113983671760519,convergence,4
1409,0.9113983671760519,convergence,4
1410,0.9113983671760519,convergence,4
1411,0.9113983671760519,convergence,4
1412,0.9113983671760519,convergence,4
1413,0.9113983671760519,convergence,4
1414,0.9113983671760519,convergence,4
1415,0.9113983671760519,convergence,4
1416,0.9113983671760519,convergence,4
1417,0.9113983671760519,convergence,4
1418,0.9113983671760519,convergence,4
1419,0.9113983671760519,convergence,4
1420,0.9113983671760519,convergence,4
1421,0.9113983671760519,convergence,4
1422,0.9113983671760519,convergence,4
1423,0.9113983671760519,convergence,4
1424,0.9113983671760519,convergence,4
1425,0.9113983671760519,convergence,4
1426,0.9113983671760519,convergence,4
1427,0.9113983671760519,convergence,4
1428,0.9113983671760519,convergence,4
1429,0.9113983671760519,convergence,4
1430,0.9113983671760519,convergence,4
1431,0.9113983671760519,convergence,4
1432,0.9113983671760519,convergence,4
1433,0.9113983671760519,convergence,4
1434,0.9113983671760519,convergence,4
1435,0.9113983671760519,convergence,4
1436,0.9113983671760519,convergence,4
1437,0.9113983671760519,convergence,4
1438,0.9113983671760519,convergence,4
1439,0.9113983671760519,convergence,4
1440,0.9113983671760519,convergence,4
1441,0.9113983671760519,convergence,4
1442,0.9113983671760519,convergence,4
1443,0.9113983671760519,convergence,4
1444,0.9113983671760519,convergence,4
1445,0.9113983671760519,convergence,4
1446,0.9113983671760519,convergence,4
1447,0.9113983671760519,convergence,4
1448,0.9113983671760519,convergence,4
1449,0.9113983671760519,convergence,4
1450,0.9113983671760519,convergence,4
1451,0.9113983671760519,convergence,4
1452,0.9113983671760519,convergence,4
1453,0.9113983671760519,convergence,4
1454,0.9113983671760519,convergence,4
1455,0.9113983671760519,convergence,4
1456,0.9113983671760519,convergence,4
1457,0.9113983671760519,convergence,4
1458,0.9113983671760519,convergence,4
1459,0.9113983671760519,convergence,4
1460,0.9113983671760519,convergence,4
1461,0.9113983671760519,convergence,4
1462,0.9113983671760519,convergence,4
1463,0.9113983671760519,convergence,4
1464,0.9113983671760519,convergence,4
1465,0.9113983671760519,convergence,4
1466,0.9113983671760519,convergence,4
1467,0.9113983671760519,convergence,4
1468,0.9113983671760519,convergence,4
1469,0.9113983671760519,convergence,4
1470,0.9113983671760519,convergence,4
1471,0.9113983671760519,convergence,4
1472,0.9113983671760519,convergence,4
1473,0.9113983671760519,convergence,4
1474,0.9113983671760519,convergence,4
1475,0.9113983671760519,convergence,4
1476,0.9113983671760519,convergence,4
1477,0.9113983671760519,convergence,4
1478,0.9113983671760519,convergence,4
1479,0.9113983671760519,convergence,4
1480,0.9113983671760519,convergence,4
1481,0.9113983671760519,convergence,4
1482,0.9113983671760519,convergence,4
1483,0.9113983671760519,convergence,4
1484,0.9113983671760519,convergence,4
1485,0.9113983671760519,convergence,4
1486,0.9113983671760519,convergence,4
1487,0.9113983671760519,convergence,4
1488,0.9113983671760519,convergence,4
1489,0.9113983671760519,convergence,4
1490,0.9113983671760519,convergence,4
1491,0.9113983671760519,convergence,4
1492,0.9113983671760519,convergence,4
1493,0.9113983671760519,convergence,4
1494,0.9113983671760519,convergence,4
1495,0.9149570860372619,convergence,4
1496,0.9149570860372619,convergence,4
1497,0.9149570860372619,convergence,4
1498,0.9149570860372619,convergence,4
1499,0.9149570860372619,convergence,4
1500,0.9149570860372619,convergence,4
1501,0.9149570860372619,convergence,4
1502,0.9149570860372619,convergence,4
1503,0.9149570860372619,convergence,4
1504,0.9149570860372619,convergence,4
1505,0.9149570860372619,convergence,4
1506,0.9149570860372619,convergence,4
1507,0.9149570860372619,convergence,4
1508,0.9149570860372619,convergence,4
1509,0.9149570860372619,convergence,4
1510,0.9149570860372619,convergence,4
1511,0.9149570860372619,convergence,4
1512,0.9149570860372619,convergence,4
1513,0.9149570860372619,convergence,4
1514,0.9149570860372619,convergence,4
1515,0.9149570860372619,convergence,4
1516,0.9149570860372619,convergence,4
1517,0.9149570860372619,convergence,4
1518,0.9149570860372619,convergence,4
1519,0.9149570860372619,convergence,4
1520,0.9149570860372619,convergence,4
1521,0.9149570860372619,convergence,4
1522,0.9149570860372619,convergence,4
1523,0.9149570860372619,convergence,4
1524,0.9149570860372619,convergence,4
1525,0.9149570860372619,convergence,4
1526,0.9149570860372619,convergence,4
1527,0.9149570860372619,convergence,4
1528,0.9149570860372619,convergence,4
1529,0.9149570860372619,convergence,4
1530,0.9149570860372619,convergence,4
1531,0.9149570860372619,convergence,4
1532,0.9149570860372619,convergence,4
1533,0.9149570860372619,convergence,4
1534,0.9149570860372619,convergence,4
1535,0.9149570860372619,convergence,4
1536,0.9149570860372619,convergence,4
1537,0.9149570860372619,convergence,4
1538,0.9149570860372619,convergence,4
1539,0.9149570860372619,convergence,4
1540,0.9149570860372619,convergence,4
1541,0.9149570860372619,convergence,4
1542,0.9149570860372619,convergence,4
1543,0.9149570860372619,convergence,4
1544,0.9149570860372619,convergence,4
1545,0.9149570860372619,convergence,4
1546,0.9149570860372619,convergence,4
1547,0.9149570860372619,convergence,4
1548,0.9149570860372619,convergence,4
1549,0.9149570860372619,convergence,4
1550,0.9149570860372619,convergence,4
1551,0.9149570860372619,convergence,4
1552,0.9149570860372619,convergence,4
1553,0.9149570860372619,convergence,4
1554,0.9149570860372619,convergence,4
1555,0.9149570860372619,convergence,4
1556,0.9149570860372619,convergence,4
1557,0.9149570860372619,convergence,4
1558,0.9149570860372619,convergence,4
1559,0.9149570860372619,convergence,4
1560,0.9149570860372619,convergence,4
1561,0.9149570860372619,convergence,4
1562,0.9149570860372619,convergence,4
1563,0.9149570860372619,convergence,4
1564,0.9149570860372619,convergence,4
1565,0.9149570860372619,convergence,4
1566,0.9149570860372619,convergence,4
1567,0.9149570860372619,convergence,4
1568,0.9149570860372619,convergence,4
1569,0.9149570860372619,convergence,4
1570,0.9149570860372619,convergence,4
1571,0.9149570860372619,convergence,4
1572,0.9149570860372619,convergence,4
1573,0.9149570860372619,convergence,4
1574,0.9149570860372619,convergence,4
1575,0.9149570860372619,convergence,4
1576,0.9149570860372619,convergence,4
1577,0.9149570860372619,convergence,4
1578,0.9149570860372619,convergence,4
1579,0.9149570860372619,convergence,4
1580,0.9149570860372619,convergence,4
1581,0.9149570860372619,convergence,4
1582,0.9149570860372619,convergence,4
1583,0.9149570860372619,convergence,4
1584,0.9149570860372619,convergence,4
1585,0.9149570860372619,convergence,4
1586,0.9149570860372619,convergence,4
1587,0.9172074523759681,convergence,4
1588,0.9172074523759681,convergence,4
1589,0.924324890098388,convergence,4
1590,0.924324890098388,convergence,4
1591,0.924324890098388,convergence,4
1592,0.924324890098388,convergence,4
1593,0.924324890098388,convergence,4
1594,0.924324890098388,convergence,4
1595,0.924324890098388,convergence,4
1596,0.924324890098388,convergence,4
1597,0.924324890098388,convergence,4
1598,0.924324890098388,convergence,4
1599,0.924324890098388,convergence,4
1600,0.924324890098388,convergence,4
1601,0.924324890098388,convergence,4
1602,0.924324890098388,convergence,4
1603,0.924324890098388,convergence,4
1604,0.924324890098388,convergence,4
1605,0.924324890098388,convergence,4
1606,0.924324890098388,convergence,4
1607,0.924324890098388,convergence,4
1608,0.924324890098388,convergence,4
1609,0.924324890098388,convergence,4
1610,0.924324890098388,convergence,4
1611,0.924324890098388,convergence,4
1612,0.924324890098388,convergence,4
1613,0.924324890098388,convergence,4
1614,0.924324890098388,convergence,4
1615,0.924324890098388,convergence,4
1616,0.924324890098388,convergence,4
1617,0.924324890098388,convergence,4
1618,0.924324890098388,convergence,4
1619,0.924324890098388,convergence,4
1620,0.924324890098388,convergence,4
1621,0.924324890098388,convergence,4
1622,0.924324890098388,convergence,4
1623,0.924324890098388,convergence,4
1624,0.924324890098388,convergence,4
1625,0.924324890098388,convergence,4
1626,0.924324890098388,convergence,4
1627,0.924324890098388,convergence,4
1628,0.924324890098388,convergence,4
1629,0.924324890098388,convergence,4
1630,0.924324890098388,convergence,4
1631,0.924324890098388,convergence,4
1632,0.924324890098388,convergence,4
1633,0.924324890098388,convergence,4
1634,0.924324890098388,convergence,4
1635,0.924324890098388,convergence,4
1636,0.924324890098388,convergence,4
1637,0.924324890098388,convergence,4
1638,0.924324890098388,convergence,4
1639,0.924324890098388,convergence,4
1640,0.924324890098388,convergence,4
1641,0.924324890098388,convergence,4
1642,0.924324890098388,convergence,4
1643,0.924324890098388,convergence,4
1644,0.924324890098388,convergence,4
1645,0.924324890098388,convergence,4
1646,0.924324890098388,convergence,4
1647,0.924324890098388,convergence,4
1648,0.924324890098388,convergence,4
1649,0.924324890098388,convergence,4
1650,0.924324890098388,convergence,4
1651,0.924324890098388,convergence,4
1652,0.924324890098388,convergence,4
1653,0.924324890098388,convergence,4
1654,0.924324890098388,convergence,4
1655,0.924324890098388,convergence,4
1656,0.924324890098388,convergence,4
1657,0.924324890098388,convergence,4
1658,0.924324890098388,convergence,4
1659,0.924324890098388,convergence,4
1660,0.924324890098388,convergence,4
1661,0.924324890098388,convergence,4
1662,0.924324890098388,convergence,4
1663,0.924324890098388,convergence,4
1664,0.924324890098388,convergence,4
1665,0.924324890098388,convergence,4
1666,0.924324890098388,convergence,4
1667,0.924324890098388,convergence,4
1668,0.924324890098388,convergence,4
1669,0.924324890098388,convergence,4
1670,0.924324890098388,convergence,4
1671,0.924324890098388,convergence,4
1672,0.924324890098388,convergence,4
1673,0.924324890098388,convergence,4
1674,0.924324890098388,convergence,4
1675,0.924324890098388,convergence,4
1676,0.924324890098388,convergence,4
1677,0.924324890098388,convergence,4
1678,0.924324890098388,convergence,4
1679,0.924324890098388,convergence,4
1680,0.924324890098388,convergence,4
1681,0.924324890098388,convergence,4
1682,0.924324890098388,convergence,4
1683,0.924324890098388,convergence,4
1684,0.924324890098388,convergence,4
1685,0.924324890098388,convergence,4
1686,0.924324890098388,convergence,4
1687,0.924324890098388,convergence,4
1688,0.924324890098388,convergence,4
1689,0.924324890098388,convergence,4
1690,0.924324890098388,convergence,4
1691,0.924324890098388,convergence,4
1692,0.924324890098388,convergence,4
1693,0.924324890098388,convergence,4
1694,0.924324890098388,convergence,4
1695,0.924324890098388,convergence,4
1696,0.924324890098388,convergence,4
1697,0.924324890098388,convergence,4
1698,0.924324890098388,convergence,4
1699,0.924324890098388,convergence,4
1700,0.924324890098388,convergence,4
1701,0.924324890098388,convergence,4
1702,0.924324890098388,convergence,4
1703,0.924324890098388,convergence,4
1704,0.924324890098388,convergence,4
1705,0.924324890098388,convergence,4
1706,0.924324890098388,convergence,4
1707,0.924324890098388,convergence,4
1708,0.924324890098388,convergence,4
1709,0.924324890098388,convergence,4
1710,0.924324890098388,convergence,4
1711,0.924324890098388,convergence,4
1712,0.924324890098388,convergence,4
1713,0.924324890098388,convergence,4
1714,0.924324890098388,convergence,4
1715,0.924324890098388,convergence,4
1716,0.924324890098388,convergence,4
1717,0.924324890098388,convergence,4
1718,0.924324890098388,convergence,4
1719,0.924324890098388,convergence,4
1720,0.924324890098388,convergence,4
1721,0.924324890098388,convergence,4
1722,0.924324890098388,convergence,4
1723,0.924324890098388,convergence,4
1724,0.924324890098388,convergence,4
1725,0.924324890098388,convergence,4
1726,0.924324890098388,convergence,4
1727,0.9261042495289931,convergence,4
1728,0.9261042495289931,convergence,4
1729,0.9261042495289931,convergence,4
1730,0.9261042495289931,convergence,4
1731,0.9261042495289931,convergence,4
1732,0.9261042495289931,convergence,4
1733,0.9261042495289931,convergence,4
1734,0.9261042495289931,convergence,4
1735,0.9261042495289931,convergence,4
1736,0.9261042495289931,convergence,4
1737,0.9261042495289931,convergence,4
1738,0.9261042495289931,convergence,4
1739,0.9261042495289931,convergence,4
1740,0.9261042495289931,convergence,4
1741,0.9261042495289931,convergence,4
1742,0.9261042495289931,convergence,4
1743,0.9261042495289931,convergence,4
1744,0.9261042495289931,convergence,4
1745,0.9261042495289931,convergence,4
1746,0.9261042495289931,convergence,4
1747,0.9261042495289931,convergence,4
1748,0.9261042495289931,convergence,4
1749,0.9261042495289931,convergence,4
1750,0.9261042495289931,convergence,4
1751,0.9261042495289931,convergence,4
1752,0.9261042495289931,convergence,4
1753,0.9261042495289931,convergence,4
1754,0.9261042495289931,convergence,4
1755,0.9261042495289931,convergence,4
1756,0.9261042495289931,convergence,4
1757,0.9261042495289931,convergence,4
1758,0.9261042495289931,convergence,4
1759,0.9261042495289931,convergence,4
1760,0.9261042495289931,convergence,4
1761,0.9261042495289931,convergence,4
1762,0.9261042495289931,convergence,4
1763,0.9261042495289931,convergence,4
1764,0.9261042495289931,convergence,4
1765,0.9261042495289931,convergence,4
1766,0.9261042495289931,convergence,4
1767,0.9261042495289931,convergence,4
1768,0.9261042495289931,convergence,4
1769,0.9261042495289931,convergence,4
1770,0.9261042495289931,convergence,4
1771,0.9261042495289931,convergence,4
1772,0.9261042495289931,convergence,4
1773,0.9261042495289931,convergence,4
1774,0.9261042495289931,convergence,4
1775,0.9261042495289931,convergence,4
1776,0.9261042495289931,convergence,4
1777,0.9261042495289931,convergence,4
1778,0.9261042495289931,convergence,4
1779,0.9261042495289931,convergence,4
1780,0.9261042495289931,convergence,4
1781,0.9261042495289931,convergence,4
1782,0.9261042495289931,convergence,4
1783,0.9261042495289931,convergence,4
1784,0.9261042495289931,convergence,4
1785,0.9261042495289931,convergence,4
1786,0.9261042495289931,convergence,4
1787,0.9261042495289931,convergence,4
1788,0.9261042495289931,convergence,4
1789,0.9261042495289931,convergence,4
1790,0.9261042495289931,convergence,4
1791,0.9261042495289931,convergence,4
1792,0.9261042495289931,convergence,4
1793,0.9261042495289931,convergence,4
1794,0.9261042495289931,convergence,4
1795,0.9261042495289931,convergence,4
1796,0.9261042495289931,convergence,4
1797,0.9261042495289931,convergence,4
1798,0.9261042495289931,convergence,4
1799,0.9261042495289931,convergence,4
1800,0.9261042495289931,convergence,4
1801,0.9261042495289931,convergence,4
1802,0.9261042495289931,convergence,4
1803,0.9261042495289931,convergence,4
1804,0.9261042495289931,convergence,4
1805,0.9261042495289931,convergence,4
1806,0.9261042495289931,convergence,4
1807,0.9261042495289931,convergence,4
1808,0.9261042495289931,convergence,4
1809,0.9261042495289931,convergence,4
1810,0.9261042495289931,convergence,4
1811,0.9261042495289931,convergence,4
1812,0.9261042495289931,convergence,4
1813,0.9261042495289931,convergence,4
1814,0.9261042495289931,convergence,4
1815,0.9261042495289931,convergence,4
1816,0.9261042495289931,convergence,4
1817,0.9261042495289931,convergence,4
1818,0.9261042495289931,convergence,4
1819,0.9261042495289931,convergence,4
1820,0.9261042495289931,convergence,4
1821,0.9261042495289931,convergence,4
1822,0.9261042495289931,convergence,4
1823,0.9261042495289931,convergence,4
1824,0.9261042495289931,convergence,4
1825,0.9261042495289931,convergence,4
1826,0.9261042495289931,convergence,4
1827,0.9261042495289931,convergence,4
1828,0.9261042495289931,convergence,4
1829,0.9261042495289931,convergence,4
1830,0.9261042495289931,convergence,4
1831,0.9261042495289931,convergence,4
1832,0.9261042495289931,convergence,4
1833,0.9261042495289931,convergence,4
1834,0.9261042495289931,convergence,4
1835,0.9261042495289931,convergence,4
1836,0.9261042495289931,convergence,4
1837,0.9261042495289931,convergence,4
1838,0.9261042495289931,convergence,4
1839,0.9261042495289931,convergence,4
1840,0.9261042495289931,convergence,4
1841,0.9261042495289931,convergence,4
1842,0.9261042495289931,convergence,4
1843,0.9261042495289931,convergence,4
1844,0.9261042495289931,convergence,4
1845,0.9261042495289931,convergence,4
1846,0.9261042495289931,convergence,4
1847,0.9261042495289931,convergence,4
1848,0.9261042495289931,convergence,4
1849,0.9261042495289931,convergence,4
1850,0.9261042495289931,convergence,4
1851,0.9261042495289931,convergence,4
1852,0.9261042495289931,convergence,4
1853,0.9261042495289931,convergence,4
1854,0.9261042495289931,convergence,4
1855,0.9261042495289931,convergence,4
1856,0.9261042495289931,convergence,4
1857,0.9261042495289931,convergence,4
1858,0.9261042495289931,convergence,4
1859,0.9261042495289931,convergence,4
1860,0.9261042495289931,convergence,4
1861,0.9261042495289931,convergence,4
1862,0.9261042495289931,convergence,4
1863,0.9261042495289931,convergence,4
1864,0.9261042495289931,convergence,4
1865,0.9261042495289931,convergence,4
1866,0.9261042495289931,convergence,4
1867,0.9261042495289931,convergence,4
1868,0.9261042495289931,convergence,4
1869,0.9261042495289931,convergence,4
1870,0.9261042495289931,convergence,4
1871,0.9261042495289931,convergence,4
1872,0.9261042495289931,convergence,4
1873,0.9261042495289931,convergence,4
1874,0.9261042495289931,convergence,4
1875,0.9261042495289931,convergence,4
1876,0.9261042495289931,convergence,4
1877,0.9261042495289931,convergence,4
1878,0.9261042495289931,convergence,4
1879,0.9278836089595981,convergence,4
1880,0.9278836089595981,convergence,4
1881,0.9278836089595981,convergence,4
1882,0.9278836089595981,convergence,4
1883,0.9296629683902031,convergence,4
1884,0.9296629683902031,convergence,4
1885,0.9296629683902031,convergence,4
1886,0.9296629683902031,convergence,4
1887,0.9296629683902031,convergence,4
1888,0.9296629683902031,convergence,4
1889,0.9296629683902031,convergence,4
1890,0.9296629683902031,convergence,4
1891,0.9296629683902031,convergence,4
1892,0.9296629683902031,convergence,4
1893,0.9296629683902031,convergence,4
1894,0.9296629683902031,convergence,4
1895,0.9296629683902031,convergence,4
1896,0.9296629683902031,convergence,4
1897,0.9296629683902031,convergence,4
1898,0.9296629683902031,convergence,4
1899,0.9296629683902031,convergence,4
1900,0.9296629683902031,convergence,4
1901,0.9296629683902031,convergence,4
1902,0.9296629683902031,convergence,4
1903,0.9296629683902031,convergence,4
1904,0.9296629683902031,convergence,4
1905,0.9296629683902031,convergence,4
1906,0.9296629683902031,convergence,4
1907,0.9296629683902031,convergence,4
1908,0.9296629683902031,convergence,4
1909,0.9296629683902031,convergence,4
1910,0.9296629683902031,convergence,4
1911,0.9296629683902031,convergence,4
1912,0.9296629683902031,convergence,4
1913,0.9296629683902031,convergence,4
1914,0.9296629683902031,convergence,4
1915,0.9296629683902031,convergence,4
1916,0.9296629683902031,convergence,4
1917,0.9296629683902031,convergence,4
1918,0.9296629683902031,convergence,4
1919,0.9296629683902031,convergence,4
1920,0.9296629683902031,convergence,4
1921,0.9296629683902031,convergence,4
1922,0.9296629683902031,convergence,4
1923,0.9296629683902031,convergence,4
1924,0.9296629683902031,convergence,4
1925,0.9296629683902031,convergence,4
1926,0.9296629683902031,convergence,4
1927,0.9296629683902031,convergence,4
1928,0.9296629683902031,convergence,4
1929,0.9296629683902031,convergence,4
1930,0.9296629683902031,convergence,4
1931,0.9296629683902031,convergence,4
1932,0.9296629683902031,convergence,4
1933,0.9296629683902031,convergence,4
1934,0.9296629683902031,convergence,4
1935,0.9296629683902031,convergence,4
1936,0.9296629683902031,convergence,4
1937,0.9296629683902031,convergence,4
1938,0.9296629683902031,convergence,4
1939,0.9296629683902031,convergence,4
1940,0.9296629683902031,convergence,4
1941,0.9296629683902031,convergence,4
1942,0.9296629683902031,convergence,4
1943,0.9296629683902031,convergence,4
1944,0.9296629683902031,convergence,4
1945,0.9296629683902031,convergence,4
1946,0.9296629683902031,convergence,4
1947,0.9296629683902031,convergence,4
1948,0.9296629683902031,convergence,4
1949,0.9296629683902031,convergence,4
1950,0.9296629683902031,convergence,4
1951,0.9296629683902031,convergence,4
1952,0.9296629683902031,convergence,4
1953,0.9296629683902031,convergence,4
1954,0.9296629683902031,convergence,4
1955,0.9296629683902031,convergence,4
1956,0.9296629683902031,convergence,4
1957,0.9296629683902031,convergence,4
1958,0.9296629683902031,convergence,4
1959,0.9296629683902031,convergence,4
1960,0.9296629683902031,convergence,4
1961,0.9296629683902031,convergence,4
1962,0.9296629683902031,convergence,4
1963,0.9296629683902031,convergence,4
1964,0.9296629683902031,convergence,4
1965,0.9296629683902031,convergence,4
1966,0.9296629683902031,convergence,4
1967,0.9296629683902031,convergence,4
1968,0.9296629683902031,convergence,4
1969,0.9296629683902031,convergence,4
1970,0.9296629683902031,convergence,4
1971,0.9296629683902031,convergence,4
1972,0.9296629683902031,convergence,4
1973,0.9296629683902031,convergence,4
1974,0.9296629683902031,convergence,4
1975,0.9296629683902031,convergence,4
1976,0.9296629683902031,convergence,4
1977,0.9296629683902031,convergence,4
1978,0.9296629683902031,convergence,4
1979,0.9296629683902031,convergence,4
1980,0.9296629683902031,convergence,4
1981,0.9296629683902031,convergence,4
1982,0.9296629683902031,convergence,4
1983,0.9296629683902031,convergence,4
1984,0.9296629683902031,convergence,4
1985,0.9296629683902031,convergence,4
1986,0.9296629683902031,convergence,4
1987,0.9296629683902031,convergence,4
1988,0.9296629683902031,convergence,4
1989,0.9296629683902031,convergence,4
1990,0.9296629683902031,convergence,4
1991,0.9296629683902031,convergence,4
1992,0.9296629683902031,convergence,4
1993,0.9296629683902031,convergence,4
1994,0.9296629683902031,convergence,4
1995,0.9296629683902031,convergence,4
1996,0.9296629683902031,convergence,4
1997,0.9296629683902031,convergence,4
1998,0.9296629683902031,convergence,4
1999,0.9296629683902031,convergence,4
2000,0.9296629683902031,convergence,4
2001,0.9296629683902031,convergence,4
2002,0.9296629683902031,convergence,4
2003,0.9296629683902031,convergence,4
2004,0.9296629683902031,convergence,4
2005,0.9296629683902031,convergence,4
2006,0.9296629683902031,convergence,4
2007,0.9296629683902031,convergence,4
2008,0.9296629683902031,convergence,4
2009,0.9296629683902031,convergence,4
2010,0.9296629683902031,convergence,4
2011,0.9296629683902031,convergence,4
2012,0.9296629683902031,convergence,4
2013,0.9296629683902031,convergence,4
2014,0.9296629683902031,convergence,4
2015,0.9296629683902031,convergence,4
2016,0.9296629683902031,convergence,4
2017,0.9296629683902031,convergence,4
2018,0.9296629683902031,convergence,4
2019,0.9296629683902031,convergence,4
2020,0.9296629683902031,convergence,4
2021,0.9296629683902031,convergence,4
2022,0.9296629683902031,convergence,4
2023,0.9296629683902031,convergence,4
2024,0.9296629683902031,convergence,4
2025,0.9296629683902031,convergence,4
2026,0.9296629683902031,convergence,4
2027,0.9296629683902031,convergence,4
2028,0.9296629683902031,convergence,4
2029,0.9296629683902031,convergence,4
2030,0.9296629683902031,convergence,4
2031,0.9296629683902031,convergence,4
2032,0.9296629683902031,convergence,4
2033,0.9296629683902031,convergence,4
2034,0.9296629683902031,convergence,4
2035,0.9296629683902031,convergence,4
2036,0.9296629683902031,convergence,4
2037,0.9296629683902031,convergence,4
2038,0.9296629683902031,convergence,4
2039,0.9296629683902031,convergence,4
2040,0.9296629683902031,convergence,4
2041,0.9296629683902031,convergence,4
2042,0.9296629683902031,convergence,4
2043,0.9296629683902031,convergence,4
2044,0.9296629683902031,convergence,4
2045,0.9296629683902031,convergence,4
2046,0.9296629683902031,convergence,4
2047,0.9296629683902031,convergence,4
2048,0.9296629683902031,convergence,4
2049,0.9296629683902031,convergence,4
2050,0.9296629683902031,convergence,4
2051,0.9296629683902031,convergence,4
2052,0.9296629683902031,convergence,4
2053,0.9296629683902031,convergence,4
2054,0.9296629683902031,convergence,4
2055,0.9296629683902031,convergence,4
2056,0.9296629683902031,convergence,4
2057,0.9296629683902031,convergence,4
2058,0.9296629683902031,convergence,4
2059,0.9296629683902031,convergence,4
2060,0.9296629683902031,convergence,4
2061,0.9296629683902031,convergence,4
2062,0.9296629683902031,convergence,4
2063,0.9296629683902031,convergence,4
2064,0.9296629683902031,convergence,4
2065,0.9296629683902031,convergence,4
2066,0.9296629683902031,convergence,4
2067,0.9296629683902031,convergence,4
2068,0.9296629683902031,convergence,4
2069,0.9296629683902031,convergence,4
2070,0.9296629683902031,convergence,4
2071,0.9296629683902031,convergence,4
2072,0.9296629683902031,convergence,4
2073,0.9296629683902031,convergence,4
2074,0.9296629683902031,convergence,4
2075,0.9296629683902031,convergence,4
2076,0.9296629683902031,convergence,4
2077,0.9296629683902031,convergence,4
2078,0.9296629683902031,convergence,4
2079,0.9296629683902031,convergence,4
2080,0.9296629683902031,convergence,4
2081,0.9296629683902031,convergence,4
2082,0.9296629683902031,convergence,4
2083,0.9296629683902031,convergence,4
2084,0.9296629683902031,convergence,4
2085,0.9296629683902031,convergence,4
2086,0.9296629683902031,convergence,4
2087,0.9296629683902031,convergence,4
2088,0.9296629683902031,convergence,4
2089,0.9296629683902031,convergence,4
2090,0.9296629683902031,convergence,4
2091,0.9296629683902031,convergence,4
2092,0.9296629683902031,convergence,4
2093,0.9296629683902031,convergence,4
2094,0.9296629683902031,convergence,4
2095,0.9296629683902031,convergence,4
2096,0.9296629683902031,convergence,4
2097,0.9296629683902031,convergence,4
2098,0.9296629683902031,convergence,4
2099,0.9296629683902031,convergence,4
2100,0.9296629683902031,convergence,4
2101,0.9296629683902031,convergence,4
2102,0.9296629683902031,convergence,4
2103,0.9296629683902031,convergence,4
2104,0.9296629683902031,convergence,4
2105,0.9296629683902031,convergence,4
2106,0.9296629683902031,convergence,4
2107,0.9296629683902031,convergence,4
2108,0.9296629683902031,convergence,4
2109,0.9296629683902031,convergence,4
2110,0.9296629683902031,convergence,4
2111,0.9296629683902031,convergence,4
2112,0.9296629683902031,convergence,4
2113,0.9296629683902031,convergence,4
2114,0.9296629683902031,convergence,4
2115,0.9296629683902031,convergence,4
2116,0.9296629683902031,convergence,4
2117,0.9296629683902031,convergence,4
2118,0.9296629683902031,convergence,4
2119,0.9296629683902031,convergence,4
2120,0.9296629683902031,convergence,4
2121,0.9296629683902031,convergence,4
2122,0.9296629683902031,convergence,4
2123,0.9296629683902031,convergence,4
2124,0.9296629683902031,convergence,4
2125,0.9296629683902031,convergence,4
2126,0.9296629683902031,convergence,4
2127,0.9296629683902031,convergence,4
2128,0.9296629683902031,convergence,4
2129,0.9296629683902031,convergence,4
2130,0.9296629683902031,convergence,4
2131,0.9296629683902031,convergence,4
2132,0.9296629683902031,convergence,4
2133,0.9296629683902031,convergence,4
2134,0.9296629683902031,convergence,4
2135,0.9296629683902031,convergence,4
2136,0.9296629683902031,convergence,4
2137,0.9296629683902031,convergence,4
2138,0.9296629683902031,convergence,4
2139,0.9296629683902031,convergence,4
2140,0.933221687251413,convergence,4
2141,0.933221687251413,convergence,4
2142,0.933221687251413,convergence,4
2143,0.933221687251413,convergence,4
2144,0.933221687251413,convergence,4
2145,0.933221687251413,convergence,4
2146,0.933221687251413,convergence,4
2147,0.933221687251413,convergence,4
2148,0.933221687251413,convergence,4
2149,0.933221687251413,convergence,4
2150,0.933221687251413,convergence,4
2151,0.933221687251413,convergence,4
2152,0.933221687251413,convergence,4
2153,0.933221687251413,convergence,4
2154,0.933221687251413,convergence,4
2155,0.933221687251413,convergence,4
2156,0.933221687251413,convergence,4
2157,0.933221687251413,convergence,4
2158,0.933221687251413,convergence,4
2159,0.933221687251413,convergence,4
2160,0.933221687251413,convergence,4
2161,0.933221687251413,convergence,4
2162,0.933221687251413,convergence,4
2163,0.933221687251413,convergence,4
2164,0.933221687251413,convergence,4
2165,0.933221687251413,convergence,4
2166,0.933221687251413,convergence,4
2167,0.933221687251413,convergence,4
2168,0.933221687251413,convergence,4
2169,0.933221687251413,convergence,4
2170,0.933221687251413,convergence,4
2171,0.933221687251413,convergence,4
2172,0.933221687251413,convergence,4
2173,0.933221687251413,convergence,4
2174,0.933221687251413,convergence,4
2175,0.933221687251413,convergence,4
2176,0.933221687251413,convergence,4
2177,0.933221687251413,convergence,4
2178,0.933221687251413,convergence,4
2179,0.933221687251413,convergence,4
2180,0.933221687251413,convergence,4
2181,0.933221687251413,convergence,4
2182,0.933221687251413,convergence,4
2183,0.933221687251413,convergence,4
2184,0.933221687251413,convergence,4
2185,0.933221687251413,convergence,4
2186,0.933221687251413,convergence,4
2187,0.933221687251413,convergence,4
2188,0.933221687251413,convergence,4
2189,0.933221687251413,convergence,4
2190,0.933221687251413,convergence,4
2191,0.933221687251413,convergence,4
2192,0.933221687251413,convergence,4
2193,0.933221687251413,convergence,4
2194,0.933221687251413,convergence,4
2195,0.933221687251413,convergence,4
2196,0.933221687251413,convergence,4
2197,0.933221687251413,convergence,4
2198,0.933221687251413,convergence,4
2199,0.933221687251413,convergence,4
2200,0.933221687251413,convergence,4
2201,0.933221687251413,convergence,4
2202,0.933221687251413,convergence,4
2203,0.933221687251413,convergence,4
2204,0.933221687251413,convergence,4
2205,0.933221687251413,convergence,4
2206,0.933221687251413,convergence,4
2207,0.933221687251413,convergence,4
2208,0.933221687251413,convergence,4
2209,0.933221687251413,convergence,4
2210,0.933221687251413,convergence,4
2211,0.933221687251413,convergence,4
2212,0.933221687251413,convergence,4
2213,0.933221687251413,convergence,4
2214,0.933221687251413,convergence,4
2215,0.933221687251413,convergence,4
2216,0.933221687251413,convergence,4
2217,0.933221687251413,convergence,4
2218,0.933221687251413,convergence,4
2219,0.933221687251413,convergence,4
2220,0.933221687251413,convergence,4
2221,0.933221687251413,convergence,4
2222,0.933221687251413,convergence,4
2223,0.933221687251413,convergence,4
2224,0.933221687251413,convergence,4
2225,0.933221687251413,convergence,4
2226,0.933221687251413,convergence,4
2227,0.933221687251413,convergence,4
2228,0.933221687251413,convergence,4
2229,0.933221687251413,convergence,4
2230,0.933221687251413,convergence,4
2231,0.933221687251413,convergence,4
2232,0.933221687251413,convergence,4
2233,0.933221687251413,convergence,4
2234,0.933221687251413,convergence,4
2235,0.933221687251413,convergence,4
2236,0.933221687251413,convergence,4
2237,0.933221687251413,convergence,4
2238,0.933221687251413,convergence,4
2239,0.933221687251413,convergence,4
2240,0.933221687251413,convergence,4
2241,0.933221687251413,convergence,4
2242,0.933221687251413,convergence,4
2243,0.933221687251413,convergence,4
2244,0.933221687251413,convergence,4
2245,0.933221687251413,convergence,4
2246,0.933221687251413,convergence,4
2247,0.933221687251413,convergence,4
2248,0.933221687251413,convergence,4
2249,0.933221687251413,convergence,4
2250,0.933221687251413,convergence,4
2251,0.933221687251413,convergence,4
2252,0.933221687251413,convergence,4
2253,0.933221687251413,convergence,4
2254,0.933221687251413,convergence,4
2255,0.933221687251413,convergence,4
2256,0.933221687251413,convergence,4
2257,0.933221687251413,convergence,4
2258,0.933221687251413,convergence,4
2259,0.933221687251413,convergence,4
2260,0.933221687251413,convergence,4
2261,0.933221687251413,convergence,4
2262,0.933221687251413,convergence,4
2263,0.933221687251413,convergence,4
2264,0.933221687251413,convergence,4
2265,0.933221687251413,convergence,4
2266,0.933221687251413,convergence,4
2267,0.933221687251413,convergence,4
2268,0.933221687251413,convergence,4
2269,0.933221687251413,convergence,4
2270,0.933221687251413,convergence,4
2271,0.933221687251413,convergence,4
2272,0.933221687251413,convergence,4
2273,0.933221687251413,convergence,4
2274,0.933221687251413,convergence,4
2275,0.933221687251413,convergence,4
2276,0.933221687251413,convergence,4
2277,0.933221687251413,convergence,4
2278,0.933221687251413,convergence,4
2279,0.933221687251413,convergence,4
2280,0.933221687251413,convergence,4
2281,0.933221687251413,convergence,4
2282,0.933221687251413,convergence,4
2283,0.933221687251413,convergence,4
2284,0.933221687251413,convergence,4
2285,0.933221687251413,convergence,4
2286,0.933221687251413,convergence,4
2287,0.933221687251413,convergence,4
2288,0.933221687251413,convergence,4
2289,0.933221687251413,convergence,4
2290,0.933221687251413,convergence,4
2291,0.933221687251413,convergence,4
2292,0.933221687251413,convergence,4
2293,0.933221687251413,convergence,4
2294,0.933221687251413,convergence,4
2295,0.933221687251413,convergence,4
2296,0.933221687251413,convergence,4
2297,0.933221687251413,convergence,4
2298,0.933221687251413,convergence,4
2299,0.933221687251413,convergence,4
2300,0.933221687251413,convergence,4
2301,0.933221687251413,convergence,4
2302,0.933221687251413,convergence,4
2303,0.933221687251413,convergence,4
2304,0.933221687251413,convergence,4
2305,0.933221687251413,convergence,4
2306,0.933221687251413,convergence,4
2307,0.933221687251413,convergence,4
2308,0.933221687251413,convergence,4
2309,0.933221687251413,convergence,4
2310,0.933221687251413,convergence,4
2311,0.933221687251413,convergence,4
2312,0.933221687251413,convergence,4
2313,0.933221687251413,convergence,4
2314,0.933221687251413,convergence,4
2315,0.933221687251413,convergence,4
2316,0.933221687251413,convergence,4
2317,0.933221687251413,convergence,4
2318,0.933221687251413,convergence,4
2319,0.933221687251413,convergence,4
2320,0.933221687251413,convergence,4
2321,0.933221687251413,convergence,4
2322,0.933221687251413,convergence,4
2323,0.933221687251413,convergence,4
2324,0.933221687251413,convergence,4
2325,0.933221687251413,convergence,4
2326,0.933221687251413,convergence,4
2327,0.933221687251413,convergence,4
2328,0.933221687251413,convergence,4
2329,0.933221687251413,convergence,4
2330,0.933221687251413,convergence,4
2331,0.933221687251413,convergence,4
2332,0.933221687251413,convergence,4
2333,0.933221687251413,convergence,4
2334,0.933221687251413,convergence,4
2335,0.933221687251413,convergence,4
2336,0.933221687251413,convergence,4
2337,0.933221687251413,convergence,4
2338,0.933221687251413,convergence,4
2339,0.933221687251413,convergence,4
2340,0.933221687251413,convergence,4
2341,0.933221687251413,convergence,4
2342,0.933221687251413,convergence,4
2343,0.933221687251413,convergence,4
2344,0.933221687251413,convergence,4
2345,0.933221687251413,convergence,4
2346,0.933221687251413,convergence,4
2347,0.933221687251413,convergence,4
2348,0.933221687251413,convergence,4
2349,0.933221687251413,convergence,4
2350,0.933221687251413,convergence,4
2351,0.933221687251413,convergence,4
2352,0.933221687251413,convergence,4
2353,0.933221687251413,convergence,4
2354,0.933221687251413,convergence,4
2355,0.933221687251413,convergence,4
2356,0.933221687251413,convergence,4
2357,0.933221687251413,convergence,4
2358,0.933221687251413,convergence,4
2359,0.933221687251413,convergence,4
2360,0.933221687251413,convergence,4
2361,0.933221687251413,convergence,4
2362,0.933221687251413,convergence,4
2363,0.933221687251413,convergence,4
2364,0.933221687251413,convergence,4
2365,0.933221687251413,convergence,4
2366,0.933221687251413,convergence,4
2367,0.933221687251413,convergence,4
2368,0.933221687251413,convergence,4
2369,0.933221687251413,convergence,4
2370,0.933221687251413,convergence,4
2371,0.933221687251413,convergence,4
2372,0.933221687251413,convergence,4
2373,0.933221687251413,convergence,4
2374,0.933221687251413,convergence,4
2375,0.933221687251413,convergence,4
2376,0.933221687251413,convergence,4
2377,0.933221687251413,convergence,4
2378,0.933221687251413,convergence,4
2379,0.933221687251413,convergence,4
2380,0.933221687251413,convergence,4
2381,0.933221687251413,convergence,4
2382,0.933221687251413,convergence,4
2383,0.933221687251413,convergence,4
2384,0.933221687251413,convergence,4
2385,0.933221687251413,convergence,4
2386,0.933221687251413,convergence,4
2387,0.933221687251413,convergence,4
2388,0.933221687251413,convergence,4
2389,0.933221687251413,convergence,4
2390,0.933221687251413,convergence,4
2391,0.933221687251413,convergence,4
2392,0.933221687251413,convergence,4
2393,0.933221687251413,convergence,4
2394,0.933221687251413,convergence,4
2395,0.933221687251413,convergence,4
2396,0.933221687251413,convergence,4
2397,0.933221687251413,convergence,4
2398,0.933221687251413,convergence,4
2399,0.933221687251413,convergence,4
2400,0.933221687251413,convergence,4
2401,0.933221687251413,convergence,4
2402,0.933221687251413,convergence,4
2403,0.933221687251413,convergence,4
2404,0.933221687251413,convergence,4
2405,0.933221687251413,convergence,4
2406,0.933221687251413,convergence,4
2407,0.933221687251413,convergence,4
2408,0.933221687251413,convergence,4
2409,0.933221687251413,convergence,4
2410,0.933221687251413,convergence,4
2411,0.933221687251413,convergence,4
2412,0.933221687251413,convergence,4
2413,0.933221687251413,convergence,4
2414,0.933221687251413,convergence,4
2415,0.933221687251413,convergence,4
2416,0.933221687251413,convergence,4
2417,0.933221687251413,convergence,4
2418,0.933221687251413,convergence,4
2419,0.933221687251413,convergence,4
2420,0.933221687251413,convergence,4
2421,0.933221687251413,convergence,4
2422,0.933221687251413,convergence,4
2423,0.933221687251413,convergence,4
2424,0.933221687251413,convergence,4
2425,0.933221687251413,convergence,4
2426,0.933221687251413,convergence,4
2427,0.933221687251413,convergence,4
2428,0.933221687251413,convergence,4
2429,0.933221687251413,convergence,4
2430,0.933221687251413,convergence,4
2431,0.933221687251413,convergence,4
2432,0.933221687251413,convergence,4
2433,0.933221687251413,convergence,4
2434,0.933221687251413,convergence,4
2435,0.933221687251413,convergence,4
2436,0.933221687251413,convergence,4
2437,0.933221687251413,convergence,4
2438,0.933221687251413,convergence,4
2439,0.933221687251413,convergence,4
2440,0.933221687251413,convergence,4
2441,0.933221687251413,convergence,4
2442,0.933221687251413,convergence,4
2443,0.933221687251413,convergence,4
2444,0.933221687251413,convergence,4
2445,0.933221687251413,convergence,4
2446,0.933221687251413,convergence,4
2447,0.933221687251413,convergence,4
2448,0.933221687251413,convergence,4
2449,0.933221687251413,convergence,4
2450,0.933221687251413,convergence,4
2451,0.933221687251413,convergence,4
2452,0.933221687251413,convergence,4
