,Agr,Algoritmo,Particion
0,0.5460016746912288,convergence,2
1,0.5460016746912288,convergence,2
2,0.5460016746912288,convergence,2
3,0.5460016746912288,convergence,2
4,0.5460016746912288,convergence,2
5,0.5460016746912288,convergence,2
6,0.5460016746912288,convergence,2
7,0.5460016746912288,convergence,2
8,0.5460016746912288,convergence,2
9,0.5460016746912288,convergence,2
10,0.5460016746912288,convergence,2
11,0.5460016746912288,convergence,2
12,0.5460016746912288,convergence,2
13,0.55714883818296,convergence,2
14,0.55714883818296,convergence,2
15,0.55714883818296,convergence,2
16,0.55714883818296,convergence,2
17,0.55714883818296,convergence,2
18,0.55714883818296,convergence,2
19,0.55714883818296,convergence,2
20,0.55714883818296,convergence,2
21,0.56070755704417,convergence,2
22,0.56070755704417,convergence,2
23,0.56070755704417,convergence,2
24,0.5718547205359011,convergence,2
25,0.5718547205359011,convergence,2
26,0.5718547205359011,convergence,2
27,0.5718547205359011,convergence,2
28,0.5718547205359011,convergence,2
29,0.5718547205359011,convergence,2
30,0.5718547205359011,convergence,2
31,0.5718547205359011,convergence,2
32,0.5718547205359011,convergence,2
33,0.5718547205359011,convergence,2
34,0.5718547205359011,convergence,2
35,0.5718547205359011,convergence,2
36,0.5718547205359011,convergence,2
37,0.5718547205359011,convergence,2
38,0.5718547205359011,convergence,2
39,0.5718547205359011,convergence,2
40,0.5718547205359011,convergence,2
41,0.5718547205359011,convergence,2
42,0.5718547205359011,convergence,2
43,0.5718547205359011,convergence,2
44,0.5718547205359011,convergence,2
45,0.5718547205359011,convergence,2
46,0.5718547205359011,convergence,2
47,0.5718547205359011,convergence,2
48,0.5718547205359011,convergence,2
49,0.5718547205359011,convergence,2
50,0.5718547205359011,convergence,2
51,0.5718547205359011,convergence,2
52,0.5718547205359011,convergence,2
53,0.5718547205359011,convergence,2
54,0.5718547205359011,convergence,2
55,0.5718547205359011,convergence,2
56,0.5718547205359011,convergence,2
57,0.5718547205359011,convergence,2
58,0.5718547205359011,convergence,2
59,0.5718547205359011,convergence,2
60,0.5718547205359011,convergence,2
61,0.5718547205359011,convergence,2
62,0.5718547205359011,convergence,2
63,0.5718547205359011,convergence,2
64,0.5794431651664225,convergence,2
65,0.5794431651664225,convergence,2
66,0.5794431651664225,convergence,2
67,0.5794431651664225,convergence,2
68,0.5794431651664225,convergence,2
69,0.5812225245970274,convergence,2
70,0.5812225245970274,convergence,2
71,0.5830018840276324,convergence,2
72,0.5830018840276324,convergence,2
73,0.5977077663805735,convergence,2
74,0.5977077663805735,convergence,2
75,0.5977077663805735,convergence,2
76,0.5977077663805735,convergence,2
77,0.6030458446723885,convergence,2
78,0.6030458446723885,convergence,2
79,0.6141930081641197,convergence,2
80,0.6141930081641197,convergence,2
81,0.6141930081641197,convergence,2
82,0.6141930081641197,convergence,2
83,0.6141930081641197,convergence,2
84,0.6141930081641197,convergence,2
85,0.6141930081641197,convergence,2
86,0.6141930081641197,convergence,2
87,0.618222733933431,convergence,2
88,0.618222733933431,convergence,2
89,0.618222733933431,convergence,2
90,0.618222733933431,convergence,2
91,0.623560812225246,convergence,2
92,0.6253401716558509,convergence,2
93,0.6271195310864559,convergence,2
94,0.6271195310864559,convergence,2
95,0.6271195310864559,convergence,2
96,0.6271195310864559,convergence,2
97,0.6271195310864559,convergence,2
98,0.6271195310864559,convergence,2
99,0.6271195310864559,convergence,2
100,0.6271195310864559,convergence,2
101,0.6271195310864559,convergence,2
102,0.6324576093782709,convergence,2
103,0.6324576093782709,convergence,2
104,0.6324576093782709,convergence,2
105,0.6324576093782709,convergence,2
106,0.6324576093782709,convergence,2
107,0.6324576093782709,convergence,2
108,0.6364873351475822,convergence,2
109,0.6364873351475822,convergence,2
110,0.6364873351475822,convergence,2
111,0.6364873351475822,convergence,2
112,0.6364873351475822,convergence,2
113,0.6382666945781872,convergence,2
114,0.6382666945781872,convergence,2
115,0.6382666945781872,convergence,2
116,0.6382666945781872,convergence,2
117,0.6382666945781872,convergence,2
118,0.641825413439397,convergence,2
119,0.641825413439397,convergence,2
120,0.641825413439397,convergence,2
121,0.641825413439397,convergence,2
122,0.641825413439397,convergence,2
123,0.6565312957923383,convergence,2
124,0.6565312957923383,convergence,2
125,0.6600900146535482,convergence,2
126,0.6600900146535482,convergence,2
127,0.6600900146535482,convergence,2
128,0.6600900146535482,convergence,2
129,0.6600900146535482,convergence,2
130,0.6600900146535482,convergence,2
131,0.6600900146535482,convergence,2
132,0.6600900146535482,convergence,2
133,0.6600900146535482,convergence,2
134,0.6600900146535482,convergence,2
135,0.6600900146535482,convergence,2
136,0.6600900146535482,convergence,2
137,0.6600900146535482,convergence,2
138,0.6600900146535482,convergence,2
139,0.6600900146535482,convergence,2
140,0.6600900146535482,convergence,2
141,0.6600900146535482,convergence,2
142,0.6600900146535482,convergence,2
143,0.6600900146535482,convergence,2
144,0.6600900146535482,convergence,2
145,0.6600900146535482,convergence,2
146,0.6600900146535482,convergence,2
147,0.6600900146535482,convergence,2
148,0.6600900146535482,convergence,2
149,0.6600900146535482,convergence,2
150,0.6600900146535482,convergence,2
151,0.6600900146535482,convergence,2
152,0.6600900146535482,convergence,2
153,0.6600900146535482,convergence,2
154,0.6600900146535482,convergence,2
155,0.6600900146535482,convergence,2
156,0.6600900146535482,convergence,2
157,0.6600900146535482,convergence,2
158,0.6600900146535482,convergence,2
159,0.6600900146535482,convergence,2
160,0.6600900146535482,convergence,2
161,0.6600900146535482,convergence,2
162,0.6600900146535482,convergence,2
163,0.6600900146535482,convergence,2
164,0.6600900146535482,convergence,2
165,0.6600900146535482,convergence,2
166,0.6600900146535482,convergence,2
167,0.6600900146535482,convergence,2
168,0.6600900146535482,convergence,2
169,0.6600900146535482,convergence,2
170,0.6600900146535482,convergence,2
171,0.6600900146535482,convergence,2
172,0.6600900146535482,convergence,2
173,0.6600900146535482,convergence,2
174,0.6600900146535482,convergence,2
175,0.6600900146535482,convergence,2
176,0.6600900146535482,convergence,2
177,0.6600900146535482,convergence,2
178,0.6600900146535482,convergence,2
179,0.6600900146535482,convergence,2
180,0.6600900146535482,convergence,2
181,0.6600900146535482,convergence,2
182,0.6600900146535482,convergence,2
183,0.6600900146535482,convergence,2
184,0.6600900146535482,convergence,2
185,0.6600900146535482,convergence,2
186,0.6600900146535482,convergence,2
187,0.6600900146535482,convergence,2
188,0.6600900146535482,convergence,2
189,0.6600900146535482,convergence,2
190,0.6600900146535482,convergence,2
191,0.6600900146535482,convergence,2
192,0.6600900146535482,convergence,2
193,0.6600900146535482,convergence,2
194,0.6600900146535482,convergence,2
195,0.6600900146535482,convergence,2
196,0.6600900146535482,convergence,2
197,0.6600900146535482,convergence,2
198,0.6654280929453632,convergence,2
199,0.6654280929453632,convergence,2
200,0.6654280929453632,convergence,2
201,0.6654280929453632,convergence,2
202,0.6654280929453632,convergence,2
203,0.6654280929453632,convergence,2
204,0.6654280929453632,convergence,2
205,0.6654280929453632,convergence,2
206,0.6654280929453632,convergence,2
207,0.6654280929453632,convergence,2
208,0.6654280929453632,convergence,2
209,0.6654280929453632,convergence,2
210,0.6654280929453632,convergence,2
211,0.6654280929453632,convergence,2
212,0.6654280929453632,convergence,2
213,0.6654280929453632,convergence,2
214,0.6654280929453632,convergence,2
215,0.6654280929453632,convergence,2
216,0.6654280929453632,convergence,2
217,0.6654280929453632,convergence,2
218,0.6654280929453632,convergence,2
219,0.6654280929453632,convergence,2
220,0.6654280929453632,convergence,2
221,0.6654280929453632,convergence,2
222,0.6654280929453632,convergence,2
223,0.6654280929453632,convergence,2
224,0.6654280929453632,convergence,2
225,0.6654280929453632,convergence,2
226,0.6654280929453632,convergence,2
227,0.6654280929453632,convergence,2
228,0.6654280929453632,convergence,2
229,0.6654280929453632,convergence,2
230,0.6654280929453632,convergence,2
231,0.6654280929453632,convergence,2
232,0.6654280929453632,convergence,2
233,0.6654280929453632,convergence,2
234,0.6654280929453632,convergence,2
235,0.6654280929453632,convergence,2
236,0.6654280929453632,convergence,2
237,0.6654280929453632,convergence,2
238,0.6654280929453632,convergence,2
239,0.6654280929453632,convergence,2
240,0.6654280929453632,convergence,2
241,0.6654280929453632,convergence,2
242,0.6654280929453632,convergence,2
243,0.6654280929453632,convergence,2
244,0.6654280929453632,convergence,2
245,0.6654280929453632,convergence,2
246,0.6654280929453632,convergence,2
247,0.6654280929453632,convergence,2
248,0.6654280929453632,convergence,2
249,0.6654280929453632,convergence,2
250,0.6654280929453632,convergence,2
251,0.6654280929453632,convergence,2
252,0.6654280929453632,convergence,2
253,0.6654280929453632,convergence,2
254,0.6654280929453632,convergence,2
255,0.6654280929453632,convergence,2
256,0.6654280929453632,convergence,2
257,0.6654280929453632,convergence,2
258,0.6654280929453632,convergence,2
259,0.6654280929453632,convergence,2
260,0.6654280929453632,convergence,2
261,0.6654280929453632,convergence,2
262,0.6654280929453632,convergence,2
263,0.6654280929453632,convergence,2
264,0.6654280929453632,convergence,2
265,0.6654280929453632,convergence,2
266,0.6654280929453632,convergence,2
267,0.6654280929453632,convergence,2
268,0.6654280929453632,convergence,2
269,0.6654280929453632,convergence,2
270,0.6654280929453632,convergence,2
271,0.6654280929453632,convergence,2
272,0.6654280929453632,convergence,2
273,0.6654280929453632,convergence,2
274,0.6654280929453632,convergence,2
275,0.6654280929453632,convergence,2
276,0.6654280929453632,convergence,2
277,0.6654280929453632,convergence,2
278,0.6654280929453632,convergence,2
279,0.6654280929453632,convergence,2
280,0.6654280929453632,convergence,2
281,0.6654280929453632,convergence,2
282,0.6654280929453632,convergence,2
283,0.6672074523759681,convergence,2
284,0.6672074523759681,convergence,2
285,0.6689868118065732,convergence,2
286,0.6689868118065732,convergence,2
287,0.6689868118065732,convergence,2
288,0.6765752564370944,convergence,2
289,0.6765752564370944,convergence,2
290,0.6765752564370944,convergence,2
291,0.6765752564370944,convergence,2
292,0.6765752564370944,convergence,2
293,0.6765752564370944,convergence,2
294,0.6765752564370944,convergence,2
295,0.6765752564370944,convergence,2
296,0.6765752564370944,convergence,2
297,0.6765752564370944,convergence,2
298,0.6765752564370944,convergence,2
299,0.6841637010676156,convergence,2
300,0.6877224199288257,convergence,2
301,0.6912811387900356,convergence,2
302,0.6912811387900356,convergence,2
303,0.6912811387900356,convergence,2
304,0.6912811387900356,convergence,2
305,0.6912811387900356,convergence,2
306,0.6912811387900356,convergence,2
307,0.6912811387900356,convergence,2
308,0.6912811387900356,convergence,2
309,0.6912811387900356,convergence,2
310,0.6912811387900356,convergence,2
311,0.6912811387900356,convergence,2
312,0.6912811387900356,convergence,2
313,0.6912811387900356,convergence,2
314,0.6912811387900356,convergence,2
315,0.6912811387900356,convergence,2
316,0.6912811387900356,convergence,2
317,0.6912811387900356,convergence,2
318,0.6912811387900356,convergence,2
319,0.6912811387900356,convergence,2
320,0.6912811387900356,convergence,2
321,0.6912811387900356,convergence,2
322,0.6912811387900356,convergence,2
323,0.6912811387900356,convergence,2
324,0.6912811387900356,convergence,2
325,0.6912811387900356,convergence,2
326,0.6912811387900356,convergence,2
327,0.6912811387900356,convergence,2
328,0.6912811387900356,convergence,2
329,0.6912811387900356,convergence,2
330,0.6912811387900356,convergence,2
331,0.6912811387900356,convergence,2
332,0.6912811387900356,convergence,2
333,0.6912811387900356,convergence,2
334,0.6912811387900356,convergence,2
335,0.6912811387900356,convergence,2
336,0.6912811387900356,convergence,2
337,0.6912811387900356,convergence,2
338,0.6912811387900356,convergence,2
339,0.6912811387900356,convergence,2
340,0.6953108645593469,convergence,2
341,0.6953108645593469,convergence,2
342,0.6953108645593469,convergence,2
343,0.6953108645593469,convergence,2
344,0.6970902239899519,convergence,2
345,0.6970902239899519,convergence,2
346,0.7006489428511617,convergence,2
347,0.7024283022817668,convergence,2
348,0.7024283022817668,convergence,2
349,0.7024283022817668,convergence,2
350,0.7024283022817668,convergence,2
351,0.7024283022817668,convergence,2
352,0.7024283022817668,convergence,2
353,0.7024283022817668,convergence,2
354,0.7024283022817668,convergence,2
355,0.7024283022817668,convergence,2
356,0.7024283022817668,convergence,2
357,0.7024283022817668,convergence,2
358,0.7024283022817668,convergence,2
359,0.7024283022817668,convergence,2
360,0.7024283022817668,convergence,2
361,0.7024283022817668,convergence,2
362,0.7024283022817668,convergence,2
363,0.7024283022817668,convergence,2
364,0.7024283022817668,convergence,2
365,0.7024283022817668,convergence,2
366,0.7024283022817668,convergence,2
367,0.7024283022817668,convergence,2
368,0.7024283022817668,convergence,2
369,0.7024283022817668,convergence,2
370,0.7024283022817668,convergence,2
371,0.7024283022817668,convergence,2
372,0.7024283022817668,convergence,2
373,0.7024283022817668,convergence,2
374,0.7024283022817668,convergence,2
375,0.7024283022817668,convergence,2
376,0.7042076617123718,convergence,2
377,0.7042076617123718,convergence,2
378,0.7042076617123718,convergence,2
379,0.7042076617123718,convergence,2
380,0.7042076617123718,convergence,2
381,0.7042076617123718,convergence,2
382,0.7042076617123718,convergence,2
383,0.7171341846347079,convergence,2
384,0.7318400669876491,convergence,2
385,0.7318400669876491,convergence,2
386,0.7318400669876491,convergence,2
387,0.7318400669876491,convergence,2
388,0.7318400669876491,convergence,2
389,0.7318400669876491,convergence,2
390,0.7318400669876491,convergence,2
391,0.7318400669876491,convergence,2
392,0.7318400669876491,convergence,2
393,0.7318400669876491,convergence,2
394,0.7318400669876491,convergence,2
395,0.7318400669876491,convergence,2
396,0.7318400669876491,convergence,2
397,0.7318400669876491,convergence,2
398,0.7318400669876491,convergence,2
399,0.7336194264182541,convergence,2
400,0.7336194264182541,convergence,2
401,0.7336194264182541,convergence,2
402,0.7336194264182541,convergence,2
403,0.7336194264182541,convergence,2
404,0.7336194264182541,convergence,2
405,0.7336194264182541,convergence,2
406,0.7336194264182541,convergence,2
407,0.7336194264182541,convergence,2
408,0.7336194264182541,convergence,2
409,0.7336194264182541,convergence,2
410,0.7336194264182541,convergence,2
411,0.7336194264182541,convergence,2
412,0.7336194264182541,convergence,2
413,0.7336194264182541,convergence,2
414,0.7336194264182541,convergence,2
415,0.7336194264182541,convergence,2
416,0.7336194264182541,convergence,2
417,0.7336194264182541,convergence,2
418,0.7336194264182541,convergence,2
419,0.7336194264182541,convergence,2
420,0.7336194264182541,convergence,2
421,0.7336194264182541,convergence,2
422,0.7336194264182541,convergence,2
423,0.7336194264182541,convergence,2
424,0.7336194264182541,convergence,2
425,0.7336194264182541,convergence,2
426,0.7336194264182541,convergence,2
427,0.7336194264182541,convergence,2
428,0.7336194264182541,convergence,2
429,0.7336194264182541,convergence,2
430,0.7336194264182541,convergence,2
431,0.7336194264182541,convergence,2
432,0.7336194264182541,convergence,2
433,0.7336194264182541,convergence,2
434,0.7336194264182541,convergence,2
435,0.7336194264182541,convergence,2
436,0.7336194264182541,convergence,2
437,0.7336194264182541,convergence,2
438,0.7336194264182541,convergence,2
439,0.7336194264182541,convergence,2
440,0.7336194264182541,convergence,2
441,0.7336194264182541,convergence,2
442,0.7336194264182541,convergence,2
443,0.7336194264182541,convergence,2
444,0.7336194264182541,convergence,2
445,0.7336194264182541,convergence,2
446,0.7336194264182541,convergence,2
447,0.7336194264182541,convergence,2
448,0.7336194264182541,convergence,2
449,0.7336194264182541,convergence,2
450,0.7336194264182541,convergence,2
451,0.7336194264182541,convergence,2
452,0.7336194264182541,convergence,2
453,0.7336194264182541,convergence,2
454,0.7336194264182541,convergence,2
455,0.7336194264182541,convergence,2
456,0.7336194264182541,convergence,2
457,0.7336194264182541,convergence,2
458,0.7336194264182541,convergence,2
459,0.7336194264182541,convergence,2
460,0.7336194264182541,convergence,2
461,0.7336194264182541,convergence,2
462,0.7336194264182541,convergence,2
463,0.7336194264182541,convergence,2
464,0.7336194264182541,convergence,2
465,0.7336194264182541,convergence,2
466,0.7336194264182541,convergence,2
467,0.7336194264182541,convergence,2
468,0.7336194264182541,convergence,2
469,0.7336194264182541,convergence,2
470,0.7336194264182541,convergence,2
471,0.7336194264182541,convergence,2
472,0.7336194264182541,convergence,2
473,0.7336194264182541,convergence,2
474,0.7336194264182541,convergence,2
475,0.7336194264182541,convergence,2
476,0.7336194264182541,convergence,2
477,0.7336194264182541,convergence,2
478,0.7336194264182541,convergence,2
479,0.7336194264182541,convergence,2
480,0.7336194264182541,convergence,2
481,0.7336194264182541,convergence,2
482,0.7336194264182541,convergence,2
483,0.7336194264182541,convergence,2
484,0.7336194264182541,convergence,2
485,0.7336194264182541,convergence,2
486,0.7336194264182541,convergence,2
487,0.7336194264182541,convergence,2
488,0.7336194264182541,convergence,2
489,0.7336194264182541,convergence,2
490,0.7336194264182541,convergence,2
491,0.7336194264182541,convergence,2
492,0.7336194264182541,convergence,2
493,0.7336194264182541,convergence,2
494,0.7336194264182541,convergence,2
495,0.7336194264182541,convergence,2
496,0.7336194264182541,convergence,2
497,0.7336194264182541,convergence,2
498,0.7336194264182541,convergence,2
499,0.7336194264182541,convergence,2
500,0.7336194264182541,convergence,2
501,0.7336194264182541,convergence,2
502,0.7336194264182541,convergence,2
503,0.7336194264182541,convergence,2
504,0.7336194264182541,convergence,2
505,0.7336194264182541,convergence,2
506,0.7336194264182541,convergence,2
507,0.7336194264182541,convergence,2
508,0.7336194264182541,convergence,2
509,0.7336194264182541,convergence,2
510,0.7336194264182541,convergence,2
511,0.7336194264182541,convergence,2
512,0.7336194264182541,convergence,2
513,0.7336194264182541,convergence,2
514,0.7336194264182541,convergence,2
515,0.7336194264182541,convergence,2
516,0.7336194264182541,convergence,2
517,0.7336194264182541,convergence,2
518,0.7336194264182541,convergence,2
519,0.7336194264182541,convergence,2
520,0.7336194264182541,convergence,2
521,0.7336194264182541,convergence,2
522,0.7336194264182541,convergence,2
523,0.7336194264182541,convergence,2
524,0.7336194264182541,convergence,2
525,0.7336194264182541,convergence,2
526,0.7336194264182541,convergence,2
527,0.7336194264182541,convergence,2
528,0.7336194264182541,convergence,2
529,0.7336194264182541,convergence,2
530,0.7336194264182541,convergence,2
531,0.7336194264182541,convergence,2
532,0.7336194264182541,convergence,2
533,0.7336194264182541,convergence,2
534,0.7336194264182541,convergence,2
535,0.7336194264182541,convergence,2
536,0.7336194264182541,convergence,2
537,0.7336194264182541,convergence,2
538,0.7336194264182541,convergence,2
539,0.7336194264182541,convergence,2
540,0.7336194264182541,convergence,2
541,0.7336194264182541,convergence,2
542,0.7336194264182541,convergence,2
543,0.7336194264182541,convergence,2
544,0.7336194264182541,convergence,2
545,0.7336194264182541,convergence,2
546,0.7336194264182541,convergence,2
547,0.7336194264182541,convergence,2
548,0.7336194264182541,convergence,2
549,0.7336194264182541,convergence,2
550,0.7336194264182541,convergence,2
551,0.7336194264182541,convergence,2
552,0.7336194264182541,convergence,2
553,0.7336194264182541,convergence,2
554,0.7336194264182541,convergence,2
555,0.7336194264182541,convergence,2
556,0.7336194264182541,convergence,2
557,0.7336194264182541,convergence,2
558,0.7336194264182541,convergence,2
559,0.7336194264182541,convergence,2
560,0.7336194264182541,convergence,2
561,0.7336194264182541,convergence,2
562,0.7336194264182541,convergence,2
563,0.7336194264182541,convergence,2
564,0.7336194264182541,convergence,2
565,0.7336194264182541,convergence,2
566,0.7336194264182541,convergence,2
567,0.7336194264182541,convergence,2
568,0.7336194264182541,convergence,2
569,0.7336194264182541,convergence,2
570,0.7336194264182541,convergence,2
571,0.7336194264182541,convergence,2
572,0.7336194264182541,convergence,2
573,0.7336194264182541,convergence,2
574,0.7336194264182541,convergence,2
575,0.7336194264182541,convergence,2
576,0.7353987858488591,convergence,2
577,0.7353987858488591,convergence,2
578,0.7353987858488591,convergence,2
579,0.7353987858488591,convergence,2
580,0.7353987858488591,convergence,2
581,0.7353987858488591,convergence,2
582,0.7353987858488591,convergence,2
583,0.7371781452794641,convergence,2
584,0.7371781452794641,convergence,2
585,0.7371781452794641,convergence,2
586,0.7371781452794641,convergence,2
587,0.7371781452794641,convergence,2
588,0.7371781452794641,convergence,2
589,0.7371781452794641,convergence,2
590,0.7371781452794641,convergence,2
591,0.7371781452794641,convergence,2
592,0.7371781452794641,convergence,2
593,0.7371781452794641,convergence,2
594,0.7371781452794641,convergence,2
595,0.7371781452794641,convergence,2
596,0.7371781452794641,convergence,2
597,0.7371781452794641,convergence,2
598,0.7371781452794641,convergence,2
599,0.7371781452794641,convergence,2
600,0.7371781452794641,convergence,2
601,0.7371781452794641,convergence,2
602,0.7371781452794641,convergence,2
603,0.7371781452794641,convergence,2
604,0.7371781452794641,convergence,2
605,0.7371781452794641,convergence,2
606,0.7371781452794641,convergence,2
607,0.7371781452794641,convergence,2
608,0.7371781452794641,convergence,2
609,0.7371781452794641,convergence,2
610,0.7371781452794641,convergence,2
611,0.7371781452794641,convergence,2
612,0.7371781452794641,convergence,2
613,0.7371781452794641,convergence,2
614,0.7371781452794641,convergence,2
615,0.7371781452794641,convergence,2
616,0.7371781452794641,convergence,2
617,0.7371781452794641,convergence,2
618,0.7371781452794641,convergence,2
619,0.7371781452794641,convergence,2
620,0.7371781452794641,convergence,2
621,0.7371781452794641,convergence,2
622,0.7371781452794641,convergence,2
623,0.7371781452794641,convergence,2
624,0.7371781452794641,convergence,2
625,0.7371781452794641,convergence,2
626,0.7447665899099853,convergence,2
627,0.7465459493405904,convergence,2
628,0.7465459493405904,convergence,2
629,0.7465459493405904,convergence,2
630,0.7465459493405904,convergence,2
631,0.7465459493405904,convergence,2
632,0.7465459493405904,convergence,2
633,0.7483253087711953,convergence,2
634,0.7630311911241365,convergence,2
635,0.7630311911241365,convergence,2
636,0.7648105505547416,convergence,2
637,0.7648105505547416,convergence,2
638,0.7648105505547416,convergence,2
639,0.7648105505547416,convergence,2
640,0.7648105505547416,convergence,2
641,0.7648105505547416,convergence,2
642,0.7648105505547416,convergence,2
643,0.7648105505547416,convergence,2
644,0.7648105505547416,convergence,2
645,0.7648105505547416,convergence,2
646,0.7648105505547416,convergence,2
647,0.7648105505547416,convergence,2
648,0.7648105505547416,convergence,2
649,0.7683692694159514,convergence,2
650,0.7683692694159514,convergence,2
651,0.7683692694159514,convergence,2
652,0.7683692694159514,convergence,2
653,0.7683692694159514,convergence,2
654,0.7683692694159514,convergence,2
655,0.7683692694159514,convergence,2
656,0.7683692694159514,convergence,2
657,0.7683692694159514,convergence,2
658,0.7683692694159514,convergence,2
659,0.7683692694159514,convergence,2
660,0.7683692694159514,convergence,2
661,0.7683692694159514,convergence,2
662,0.7683692694159514,convergence,2
663,0.7848545111994976,convergence,2
664,0.7848545111994976,convergence,2
665,0.7848545111994976,convergence,2
666,0.7848545111994976,convergence,2
667,0.7848545111994976,convergence,2
668,0.7848545111994976,convergence,2
669,0.7848545111994976,convergence,2
670,0.7848545111994976,convergence,2
671,0.7848545111994976,convergence,2
672,0.7848545111994976,convergence,2
673,0.7848545111994976,convergence,2
674,0.7848545111994976,convergence,2
675,0.7848545111994976,convergence,2
676,0.7960016746912288,convergence,2
677,0.7960016746912288,convergence,2
678,0.7960016746912288,convergence,2
679,0.7960016746912288,convergence,2
680,0.7960016746912288,convergence,2
681,0.7960016746912288,convergence,2
682,0.7960016746912288,convergence,2
683,0.7960016746912288,convergence,2
684,0.7960016746912288,convergence,2
685,0.7960016746912288,convergence,2
686,0.7960016746912288,convergence,2
687,0.7960016746912288,convergence,2
688,0.7960016746912288,convergence,2
689,0.7960016746912288,convergence,2
690,0.7995603935524388,convergence,2
691,0.7995603935524388,convergence,2
692,0.7995603935524388,convergence,2
693,0.7995603935524388,convergence,2
694,0.7995603935524388,convergence,2
695,0.7995603935524388,convergence,2
696,0.7995603935524388,convergence,2
697,0.7995603935524388,convergence,2
698,0.7995603935524388,convergence,2
699,0.7995603935524388,convergence,2
700,0.7995603935524388,convergence,2
701,0.7995603935524388,convergence,2
702,0.7995603935524388,convergence,2
703,0.7995603935524388,convergence,2
704,0.7995603935524388,convergence,2
705,0.7995603935524388,convergence,2
706,0.7995603935524388,convergence,2
707,0.7995603935524388,convergence,2
708,0.7995603935524388,convergence,2
709,0.7995603935524388,convergence,2
710,0.7995603935524388,convergence,2
711,0.7995603935524388,convergence,2
712,0.7995603935524388,convergence,2
713,0.7995603935524388,convergence,2
714,0.7995603935524388,convergence,2
715,0.7995603935524388,convergence,2
716,0.7995603935524388,convergence,2
717,0.7995603935524388,convergence,2
718,0.7995603935524388,convergence,2
719,0.7995603935524388,convergence,2
720,0.7995603935524388,convergence,2
721,0.7995603935524388,convergence,2
722,0.7995603935524388,convergence,2
723,0.7995603935524388,convergence,2
724,0.7995603935524388,convergence,2
725,0.7995603935524388,convergence,2
726,0.7995603935524388,convergence,2
727,0.7995603935524388,convergence,2
728,0.7995603935524388,convergence,2
729,0.7995603935524388,convergence,2
730,0.7995603935524388,convergence,2
731,0.7995603935524388,convergence,2
732,0.7995603935524388,convergence,2
733,0.7995603935524388,convergence,2
734,0.7995603935524388,convergence,2
735,0.7995603935524388,convergence,2
736,0.7995603935524388,convergence,2
737,0.7995603935524388,convergence,2
738,0.7995603935524388,convergence,2
739,0.7995603935524388,convergence,2
740,0.7995603935524388,convergence,2
741,0.7995603935524388,convergence,2
742,0.7995603935524388,convergence,2
743,0.7995603935524388,convergence,2
744,0.7995603935524388,convergence,2
745,0.7995603935524388,convergence,2
746,0.7995603935524388,convergence,2
747,0.7995603935524388,convergence,2
748,0.7995603935524388,convergence,2
749,0.7995603935524388,convergence,2
750,0.7995603935524388,convergence,2
751,0.7995603935524388,convergence,2
752,0.7995603935524388,convergence,2
753,0.7995603935524388,convergence,2
754,0.7995603935524388,convergence,2
755,0.7995603935524388,convergence,2
756,0.7995603935524388,convergence,2
757,0.7995603935524388,convergence,2
758,0.7995603935524388,convergence,2
759,0.7995603935524388,convergence,2
760,0.7995603935524388,convergence,2
761,0.7995603935524388,convergence,2
762,0.7995603935524388,convergence,2
763,0.7995603935524388,convergence,2
764,0.7995603935524388,convergence,2
765,0.7995603935524388,convergence,2
766,0.7995603935524388,convergence,2
767,0.7995603935524388,convergence,2
768,0.7995603935524388,convergence,2
769,0.7995603935524388,convergence,2
770,0.7995603935524388,convergence,2
771,0.7995603935524388,convergence,2
772,0.7995603935524388,convergence,2
773,0.7995603935524388,convergence,2
774,0.7995603935524388,convergence,2
775,0.7995603935524388,convergence,2
776,0.7995603935524388,convergence,2
777,0.7995603935524388,convergence,2
778,0.7995603935524388,convergence,2
779,0.7995603935524388,convergence,2
780,0.7995603935524388,convergence,2
781,0.7995603935524388,convergence,2
782,0.7995603935524388,convergence,2
783,0.7995603935524388,convergence,2
784,0.7995603935524388,convergence,2
785,0.7995603935524388,convergence,2
786,0.7995603935524388,convergence,2
787,0.7995603935524388,convergence,2
788,0.7995603935524388,convergence,2
789,0.7995603935524388,convergence,2
790,0.7995603935524388,convergence,2
791,0.7995603935524388,convergence,2
792,0.7995603935524388,convergence,2
793,0.8013397529830437,convergence,2
794,0.8013397529830437,convergence,2
795,0.8013397529830437,convergence,2
796,0.8013397529830437,convergence,2
797,0.8013397529830437,convergence,2
798,0.8031191124136488,convergence,2
799,0.8031191124136488,convergence,2
800,0.8048984718442538,convergence,2
801,0.8048984718442538,convergence,2
802,0.8048984718442538,convergence,2
803,0.8048984718442538,convergence,2
804,0.8048984718442538,convergence,2
805,0.8048984718442538,convergence,2
806,0.8048984718442538,convergence,2
807,0.8048984718442538,convergence,2
808,0.8048984718442538,convergence,2
809,0.8084571907054636,convergence,2
810,0.8084571907054636,convergence,2
811,0.8084571907054636,convergence,2
812,0.8084571907054636,convergence,2
813,0.8084571907054636,convergence,2
814,0.8084571907054636,convergence,2
815,0.8084571907054636,convergence,2
816,0.8084571907054636,convergence,2
817,0.8084571907054636,convergence,2
818,0.8084571907054636,convergence,2
819,0.8084571907054636,convergence,2
820,0.8084571907054636,convergence,2
821,0.8084571907054636,convergence,2
822,0.8084571907054636,convergence,2
823,0.8084571907054636,convergence,2
824,0.8084571907054636,convergence,2
825,0.816045635335985,convergence,2
826,0.816045635335985,convergence,2
827,0.816045635335985,convergence,2
828,0.8285011513502198,convergence,2
829,0.8285011513502198,convergence,2
830,0.8285011513502198,convergence,2
831,0.8285011513502198,convergence,2
832,0.8285011513502198,convergence,2
833,0.8285011513502198,convergence,2
834,0.8285011513502198,convergence,2
835,0.8285011513502198,convergence,2
836,0.8285011513502198,convergence,2
837,0.8285011513502198,convergence,2
838,0.8285011513502198,convergence,2
839,0.8285011513502198,convergence,2
840,0.8285011513502198,convergence,2
841,0.8285011513502198,convergence,2
842,0.8285011513502198,convergence,2
843,0.8285011513502198,convergence,2
844,0.8285011513502198,convergence,2
845,0.8285011513502198,convergence,2
846,0.8285011513502198,convergence,2
847,0.8285011513502198,convergence,2
848,0.8285011513502198,convergence,2
849,0.8285011513502198,convergence,2
850,0.8285011513502198,convergence,2
851,0.8285011513502198,convergence,2
852,0.8285011513502198,convergence,2
853,0.8285011513502198,convergence,2
854,0.8285011513502198,convergence,2
855,0.8285011513502198,convergence,2
856,0.8285011513502198,convergence,2
857,0.8285011513502198,convergence,2
858,0.8285011513502198,convergence,2
859,0.8285011513502198,convergence,2
860,0.8320598702114298,convergence,2
861,0.8320598702114298,convergence,2
862,0.8320598702114298,convergence,2
863,0.8320598702114298,convergence,2
864,0.8320598702114298,convergence,2
865,0.8320598702114298,convergence,2
866,0.8320598702114298,convergence,2
867,0.8320598702114298,convergence,2
868,0.8320598702114298,convergence,2
869,0.8320598702114298,convergence,2
870,0.8320598702114298,convergence,2
871,0.8320598702114298,convergence,2
872,0.8320598702114298,convergence,2
873,0.8320598702114298,convergence,2
874,0.8320598702114298,convergence,2
875,0.8320598702114298,convergence,2
876,0.8320598702114298,convergence,2
877,0.8320598702114298,convergence,2
878,0.8320598702114298,convergence,2
879,0.8320598702114298,convergence,2
880,0.8320598702114298,convergence,2
881,0.8320598702114298,convergence,2
882,0.8320598702114298,convergence,2
883,0.8320598702114298,convergence,2
884,0.8320598702114298,convergence,2
885,0.8320598702114298,convergence,2
886,0.8320598702114298,convergence,2
887,0.8320598702114298,convergence,2
888,0.8320598702114298,convergence,2
889,0.8320598702114298,convergence,2
890,0.8320598702114298,convergence,2
891,0.8320598702114298,convergence,2
892,0.8320598702114298,convergence,2
893,0.8320598702114298,convergence,2
894,0.8320598702114298,convergence,2
895,0.8320598702114298,convergence,2
896,0.8320598702114298,convergence,2
897,0.8320598702114298,convergence,2
898,0.8320598702114298,convergence,2
899,0.8320598702114298,convergence,2
900,0.8320598702114298,convergence,2
901,0.8320598702114298,convergence,2
902,0.8320598702114298,convergence,2
903,0.8320598702114298,convergence,2
904,0.8320598702114298,convergence,2
905,0.8320598702114298,convergence,2
906,0.8320598702114298,convergence,2
907,0.8320598702114298,convergence,2
908,0.8320598702114298,convergence,2
909,0.8320598702114298,convergence,2
910,0.8320598702114298,convergence,2
911,0.8320598702114298,convergence,2
912,0.8320598702114298,convergence,2
913,0.8320598702114298,convergence,2
914,0.8320598702114298,convergence,2
915,0.8320598702114298,convergence,2
916,0.8320598702114298,convergence,2
917,0.8320598702114298,convergence,2
918,0.8320598702114298,convergence,2
919,0.8320598702114298,convergence,2
920,0.8320598702114298,convergence,2
921,0.8320598702114298,convergence,2
922,0.8320598702114298,convergence,2
923,0.8320598702114298,convergence,2
924,0.8320598702114298,convergence,2
925,0.8320598702114298,convergence,2
926,0.8320598702114298,convergence,2
927,0.8320598702114298,convergence,2
928,0.8320598702114298,convergence,2
929,0.8320598702114298,convergence,2
930,0.8320598702114298,convergence,2
931,0.8320598702114298,convergence,2
932,0.8320598702114298,convergence,2
933,0.8320598702114298,convergence,2
934,0.8320598702114298,convergence,2
935,0.8320598702114298,convergence,2
936,0.8320598702114298,convergence,2
937,0.8320598702114298,convergence,2
938,0.8320598702114298,convergence,2
939,0.8320598702114298,convergence,2
940,0.8320598702114298,convergence,2
941,0.8320598702114298,convergence,2
942,0.8320598702114298,convergence,2
943,0.8320598702114298,convergence,2
944,0.839648314841951,convergence,2
945,0.839648314841951,convergence,2
946,0.839648314841951,convergence,2
947,0.839648314841951,convergence,2
948,0.839648314841951,convergence,2
949,0.839648314841951,convergence,2
950,0.839648314841951,convergence,2
951,0.839648314841951,convergence,2
952,0.839648314841951,convergence,2
953,0.839648314841951,convergence,2
954,0.839648314841951,convergence,2
955,0.839648314841951,convergence,2
956,0.839648314841951,convergence,2
957,0.839648314841951,convergence,2
958,0.839648314841951,convergence,2
959,0.839648314841951,convergence,2
960,0.839648314841951,convergence,2
961,0.839648314841951,convergence,2
962,0.839648314841951,convergence,2
963,0.839648314841951,convergence,2
964,0.839648314841951,convergence,2
965,0.839648314841951,convergence,2
966,0.839648314841951,convergence,2
967,0.839648314841951,convergence,2
968,0.839648314841951,convergence,2
969,0.839648314841951,convergence,2
970,0.839648314841951,convergence,2
971,0.839648314841951,convergence,2
972,0.839648314841951,convergence,2
973,0.839648314841951,convergence,2
974,0.839648314841951,convergence,2
975,0.839648314841951,convergence,2
976,0.839648314841951,convergence,2
977,0.839648314841951,convergence,2
978,0.839648314841951,convergence,2
979,0.839648314841951,convergence,2
980,0.839648314841951,convergence,2
981,0.839648314841951,convergence,2
982,0.839648314841951,convergence,2
983,0.839648314841951,convergence,2
984,0.839648314841951,convergence,2
985,0.839648314841951,convergence,2
986,0.839648314841951,convergence,2
987,0.839648314841951,convergence,2
988,0.839648314841951,convergence,2
989,0.839648314841951,convergence,2
990,0.843207033703161,convergence,2
991,0.843207033703161,convergence,2
992,0.843207033703161,convergence,2
993,0.843207033703161,convergence,2
994,0.843207033703161,convergence,2
995,0.843207033703161,convergence,2
996,0.843207033703161,convergence,2
997,0.843207033703161,convergence,2
998,0.843207033703161,convergence,2
999,0.843207033703161,convergence,2
1000,0.843207033703161,convergence,2
1001,0.843207033703161,convergence,2
1002,0.843207033703161,convergence,2
1003,0.843207033703161,convergence,2
1004,0.843207033703161,convergence,2
1005,0.843207033703161,convergence,2
1006,0.843207033703161,convergence,2
1007,0.843207033703161,convergence,2
1008,0.843207033703161,convergence,2
1009,0.843207033703161,convergence,2
1010,0.843207033703161,convergence,2
1011,0.843207033703161,convergence,2
1012,0.8579129160561021,convergence,2
1013,0.8579129160561021,convergence,2
1014,0.8579129160561021,convergence,2
1015,0.8579129160561021,convergence,2
1016,0.8579129160561021,convergence,2
1017,0.8579129160561021,convergence,2
1018,0.8579129160561021,convergence,2
1019,0.8579129160561021,convergence,2
1020,0.8579129160561021,convergence,2
1021,0.8579129160561021,convergence,2
1022,0.8579129160561021,convergence,2
1023,0.8579129160561021,convergence,2
1024,0.8579129160561021,convergence,2
1025,0.8579129160561021,convergence,2
1026,0.8579129160561021,convergence,2
1027,0.8579129160561021,convergence,2
1028,0.8579129160561021,convergence,2
1029,0.8579129160561021,convergence,2
1030,0.8579129160561021,convergence,2
1031,0.8579129160561021,convergence,2
1032,0.8579129160561021,convergence,2
1033,0.8579129160561021,convergence,2
1034,0.8632509943479171,convergence,2
1035,0.8632509943479171,convergence,2
1036,0.8632509943479171,convergence,2
1037,0.8632509943479171,convergence,2
1038,0.8632509943479171,convergence,2
1039,0.8632509943479171,convergence,2
1040,0.8632509943479171,convergence,2
1041,0.8632509943479171,convergence,2
1042,0.8632509943479171,convergence,2
1043,0.8632509943479171,convergence,2
1044,0.8632509943479171,convergence,2
1045,0.8761775172702533,convergence,2
1046,0.8761775172702533,convergence,2
1047,0.8761775172702533,convergence,2
1048,0.8761775172702533,convergence,2
1049,0.8761775172702533,convergence,2
1050,0.8761775172702533,convergence,2
1051,0.8761775172702533,convergence,2
1052,0.8761775172702533,convergence,2
1053,0.8761775172702533,convergence,2
1054,0.8761775172702533,convergence,2
1055,0.8761775172702533,convergence,2
1056,0.8761775172702533,convergence,2
1057,0.8815155955620682,convergence,2
1058,0.8815155955620682,convergence,2
1059,0.8815155955620682,convergence,2
1060,0.8815155955620682,convergence,2
1061,0.8815155955620682,convergence,2
1062,0.8815155955620682,convergence,2
1063,0.8815155955620682,convergence,2
1064,0.8815155955620682,convergence,2
1065,0.8815155955620682,convergence,2
1066,0.8815155955620682,convergence,2
1067,0.8815155955620682,convergence,2
1068,0.8815155955620682,convergence,2
1069,0.8815155955620682,convergence,2
1070,0.8815155955620682,convergence,2
1071,0.8815155955620682,convergence,2
1072,0.8815155955620682,convergence,2
1073,0.8815155955620682,convergence,2
1074,0.8815155955620682,convergence,2
1075,0.8815155955620682,convergence,2
1076,0.8815155955620682,convergence,2
1077,0.8815155955620682,convergence,2
1078,0.8815155955620682,convergence,2
1079,0.8815155955620682,convergence,2
1080,0.8815155955620682,convergence,2
1081,0.8815155955620682,convergence,2
1082,0.8815155955620682,convergence,2
1083,0.8815155955620682,convergence,2
1084,0.8815155955620682,convergence,2
1085,0.8815155955620682,convergence,2
1086,0.8815155955620682,convergence,2
1087,0.8815155955620682,convergence,2
1088,0.8815155955620682,convergence,2
1089,0.8815155955620682,convergence,2
1090,0.8815155955620682,convergence,2
1091,0.8815155955620682,convergence,2
1092,0.8815155955620682,convergence,2
1093,0.8815155955620682,convergence,2
1094,0.8815155955620682,convergence,2
1095,0.8815155955620682,convergence,2
1096,0.8815155955620682,convergence,2
1097,0.8815155955620682,convergence,2
1098,0.8815155955620682,convergence,2
1099,0.8815155955620682,convergence,2
1100,0.8815155955620682,convergence,2
1101,0.8815155955620682,convergence,2
1102,0.8815155955620682,convergence,2
1103,0.8815155955620682,convergence,2
1104,0.8815155955620682,convergence,2
1105,0.8815155955620682,convergence,2
1106,0.8815155955620682,convergence,2
1107,0.8815155955620682,convergence,2
1108,0.8815155955620682,convergence,2
1109,0.8815155955620682,convergence,2
1110,0.8815155955620682,convergence,2
1111,0.8815155955620682,convergence,2
1112,0.8815155955620682,convergence,2
1113,0.8815155955620682,convergence,2
1114,0.8815155955620682,convergence,2
1115,0.8815155955620682,convergence,2
1116,0.8815155955620682,convergence,2
1117,0.8815155955620682,convergence,2
1118,0.8815155955620682,convergence,2
1119,0.8815155955620682,convergence,2
1120,0.8815155955620682,convergence,2
1121,0.8815155955620682,convergence,2
1122,0.8815155955620682,convergence,2
1123,0.8815155955620682,convergence,2
1124,0.8815155955620682,convergence,2
1125,0.8815155955620682,convergence,2
1126,0.8815155955620682,convergence,2
1127,0.8815155955620682,convergence,2
1128,0.8815155955620682,convergence,2
1129,0.8815155955620682,convergence,2
1130,0.8815155955620682,convergence,2
1131,0.8815155955620682,convergence,2
1132,0.8815155955620682,convergence,2
1133,0.8815155955620682,convergence,2
1134,0.8815155955620682,convergence,2
1135,0.8815155955620682,convergence,2
1136,0.8815155955620682,convergence,2
1137,0.8815155955620682,convergence,2
1138,0.8815155955620682,convergence,2
1139,0.8815155955620682,convergence,2
1140,0.8815155955620682,convergence,2
1141,0.8815155955620682,convergence,2
1142,0.8815155955620682,convergence,2
1143,0.8815155955620682,convergence,2
1144,0.8815155955620682,convergence,2
1145,0.8815155955620682,convergence,2
1146,0.8815155955620682,convergence,2
1147,0.8815155955620682,convergence,2
1148,0.8815155955620682,convergence,2
1149,0.8815155955620682,convergence,2
1150,0.8815155955620682,convergence,2
1151,0.8815155955620682,convergence,2
1152,0.8815155955620682,convergence,2
1153,0.8815155955620682,convergence,2
1154,0.8815155955620682,convergence,2
1155,0.8815155955620682,convergence,2
1156,0.8815155955620682,convergence,2
1157,0.8815155955620682,convergence,2
1158,0.8815155955620682,convergence,2
1159,0.8815155955620682,convergence,2
1160,0.8815155955620682,convergence,2
1161,0.8815155955620682,convergence,2
1162,0.8815155955620682,convergence,2
1163,0.8815155955620682,convergence,2
1164,0.8815155955620682,convergence,2
1165,0.8815155955620682,convergence,2
1166,0.8815155955620682,convergence,2
1167,0.8815155955620682,convergence,2
1168,0.8815155955620682,convergence,2
1169,0.8815155955620682,convergence,2
1170,0.8815155955620682,convergence,2
1171,0.8815155955620682,convergence,2
1172,0.8815155955620682,convergence,2
1173,0.8815155955620682,convergence,2
1174,0.8815155955620682,convergence,2
1175,0.8815155955620682,convergence,2
1176,0.8815155955620682,convergence,2
1177,0.8815155955620682,convergence,2
1178,0.8815155955620682,convergence,2
1179,0.8815155955620682,convergence,2
1180,0.8815155955620682,convergence,2
1181,0.8815155955620682,convergence,2
1182,0.8815155955620682,convergence,2
1183,0.8815155955620682,convergence,2
1184,0.8815155955620682,convergence,2
1185,0.8815155955620682,convergence,2
1186,0.8815155955620682,convergence,2
1187,0.8815155955620682,convergence,2
1188,0.8815155955620682,convergence,2
1189,0.8815155955620682,convergence,2
1190,0.8815155955620682,convergence,2
1191,0.8815155955620682,convergence,2
1192,0.8815155955620682,convergence,2
1193,0.8815155955620682,convergence,2
1194,0.8815155955620682,convergence,2
1195,0.8815155955620682,convergence,2
1196,0.8815155955620682,convergence,2
1197,0.8815155955620682,convergence,2
1198,0.8815155955620682,convergence,2
1199,0.8815155955620682,convergence,2
1200,0.8815155955620682,convergence,2
1201,0.8815155955620682,convergence,2
1202,0.8815155955620682,convergence,2
1203,0.8815155955620682,convergence,2
1204,0.8815155955620682,convergence,2
1205,0.8815155955620682,convergence,2
1206,0.8815155955620682,convergence,2
1207,0.8815155955620682,convergence,2
1208,0.8815155955620682,convergence,2
1209,0.8815155955620682,convergence,2
1210,0.8815155955620682,convergence,2
1211,0.8815155955620682,convergence,2
1212,0.8815155955620682,convergence,2
1213,0.8815155955620682,convergence,2
1214,0.8815155955620682,convergence,2
1215,0.8815155955620682,convergence,2
1216,0.8815155955620682,convergence,2
1217,0.8815155955620682,convergence,2
1218,0.8815155955620682,convergence,2
1219,0.8815155955620682,convergence,2
1220,0.8815155955620682,convergence,2
1221,0.8815155955620682,convergence,2
1222,0.8815155955620682,convergence,2
1223,0.8815155955620682,convergence,2
1224,0.8815155955620682,convergence,2
1225,0.8815155955620682,convergence,2
1226,0.8815155955620682,convergence,2
1227,0.8815155955620682,convergence,2
1228,0.8815155955620682,convergence,2
1229,0.8815155955620682,convergence,2
1230,0.8815155955620682,convergence,2
1231,0.8815155955620682,convergence,2
1232,0.8815155955620682,convergence,2
1233,0.8815155955620682,convergence,2
1234,0.8815155955620682,convergence,2
1235,0.8815155955620682,convergence,2
1236,0.8815155955620682,convergence,2
1237,0.8815155955620682,convergence,2
1238,0.8815155955620682,convergence,2
1239,0.8815155955620682,convergence,2
1240,0.8815155955620682,convergence,2
1241,0.8815155955620682,convergence,2
1242,0.8815155955620682,convergence,2
1243,0.8815155955620682,convergence,2
1244,0.8815155955620682,convergence,2
1245,0.8815155955620682,convergence,2
1246,0.8815155955620682,convergence,2
1247,0.8815155955620682,convergence,2
1248,0.8815155955620682,convergence,2
1249,0.8815155955620682,convergence,2
1250,0.8815155955620682,convergence,2
1251,0.8815155955620682,convergence,2
1252,0.8815155955620682,convergence,2
1253,0.8815155955620682,convergence,2
1254,0.8815155955620682,convergence,2
1255,0.8815155955620682,convergence,2
1256,0.8815155955620682,convergence,2
1257,0.8815155955620682,convergence,2
1258,0.8815155955620682,convergence,2
1259,0.8815155955620682,convergence,2
1260,0.8815155955620682,convergence,2
1261,0.8815155955620682,convergence,2
1262,0.8815155955620682,convergence,2
1263,0.8815155955620682,convergence,2
1264,0.8815155955620682,convergence,2
1265,0.8815155955620682,convergence,2
1266,0.8815155955620682,convergence,2
1267,0.8815155955620682,convergence,2
1268,0.8815155955620682,convergence,2
1269,0.8815155955620682,convergence,2
1270,0.8815155955620682,convergence,2
1271,0.8815155955620682,convergence,2
1272,0.8815155955620682,convergence,2
1273,0.8815155955620682,convergence,2
1274,0.8815155955620682,convergence,2
1275,0.8815155955620682,convergence,2
1276,0.8815155955620682,convergence,2
1277,0.8815155955620682,convergence,2
1278,0.8815155955620682,convergence,2
1279,0.8815155955620682,convergence,2
1280,0.8815155955620682,convergence,2
1281,0.8815155955620682,convergence,2
1282,0.8815155955620682,convergence,2
1283,0.8815155955620682,convergence,2
1284,0.8815155955620682,convergence,2
1285,0.8815155955620682,convergence,2
1286,0.8815155955620682,convergence,2
1287,0.8815155955620682,convergence,2
1288,0.8815155955620682,convergence,2
1289,0.8815155955620682,convergence,2
1290,0.8815155955620682,convergence,2
1291,0.8815155955620682,convergence,2
1292,0.8815155955620682,convergence,2
1293,0.8815155955620682,convergence,2
1294,0.8815155955620682,convergence,2
1295,0.8815155955620682,convergence,2
1296,0.8815155955620682,convergence,2
1297,0.8815155955620682,convergence,2
1298,0.8815155955620682,convergence,2
1299,0.8815155955620682,convergence,2
1300,0.8815155955620682,convergence,2
1301,0.8815155955620682,convergence,2
1302,0.8815155955620682,convergence,2
1303,0.8850743144232782,convergence,2
1304,0.8850743144232782,convergence,2
1305,0.8850743144232782,convergence,2
1306,0.8850743144232782,convergence,2
1307,0.8850743144232782,convergence,2
1308,0.8850743144232782,convergence,2
1309,0.8850743144232782,convergence,2
1310,0.8850743144232782,convergence,2
1311,0.8850743144232782,convergence,2
1312,0.8850743144232782,convergence,2
1313,0.8850743144232782,convergence,2
1314,0.8850743144232782,convergence,2
1315,0.8850743144232782,convergence,2
1316,0.8850743144232782,convergence,2
1317,0.8850743144232782,convergence,2
1318,0.8850743144232782,convergence,2
1319,0.8850743144232782,convergence,2
1320,0.8850743144232782,convergence,2
1321,0.8850743144232782,convergence,2
1322,0.8850743144232782,convergence,2
1323,0.8850743144232782,convergence,2
1324,0.8850743144232782,convergence,2
1325,0.8850743144232782,convergence,2
1326,0.8850743144232782,convergence,2
1327,0.8850743144232782,convergence,2
1328,0.8850743144232782,convergence,2
1329,0.8850743144232782,convergence,2
1330,0.8850743144232782,convergence,2
1331,0.8850743144232782,convergence,2
1332,0.8850743144232782,convergence,2
1333,0.8850743144232782,convergence,2
1334,0.8850743144232782,convergence,2
1335,0.8850743144232782,convergence,2
1336,0.8850743144232782,convergence,2
1337,0.8850743144232782,convergence,2
1338,0.8850743144232782,convergence,2
1339,0.8980008373456143,convergence,2
1340,0.8980008373456143,convergence,2
1341,0.8980008373456143,convergence,2
1342,0.8980008373456143,convergence,2
1343,0.8980008373456143,convergence,2
1344,0.8980008373456143,convergence,2
1345,0.8980008373456143,convergence,2
1346,0.8980008373456143,convergence,2
1347,0.8980008373456143,convergence,2
1348,0.8980008373456143,convergence,2
1349,0.8980008373456143,convergence,2
1350,0.8980008373456143,convergence,2
1351,0.8980008373456143,convergence,2
1352,0.8980008373456143,convergence,2
1353,0.8980008373456143,convergence,2
1354,0.8980008373456143,convergence,2
1355,0.8997801967762193,convergence,2
1356,0.8997801967762193,convergence,2
1357,0.8997801967762193,convergence,2
1358,0.8997801967762193,convergence,2
1359,0.9015595562068244,convergence,2
1360,0.9015595562068244,convergence,2
1361,0.9015595562068244,convergence,2
1362,0.9015595562068244,convergence,2
1363,0.9015595562068244,convergence,2
1364,0.9015595562068244,convergence,2
1365,0.9015595562068244,convergence,2
1366,0.9015595562068244,convergence,2
1367,0.9015595562068244,convergence,2
1368,0.9015595562068244,convergence,2
1369,0.9015595562068244,convergence,2
1370,0.9015595562068244,convergence,2
1371,0.9015595562068244,convergence,2
1372,0.9015595562068244,convergence,2
1373,0.9015595562068244,convergence,2
1374,0.9015595562068244,convergence,2
1375,0.9015595562068244,convergence,2
1376,0.9015595562068244,convergence,2
1377,0.9015595562068244,convergence,2
1378,0.9015595562068244,convergence,2
1379,0.9015595562068244,convergence,2
1380,0.9015595562068244,convergence,2
1381,0.9015595562068244,convergence,2
1382,0.9015595562068244,convergence,2
1383,0.9015595562068244,convergence,2
1384,0.9015595562068244,convergence,2
1385,0.9015595562068244,convergence,2
1386,0.9015595562068244,convergence,2
1387,0.9015595562068244,convergence,2
1388,0.9015595562068244,convergence,2
1389,0.9015595562068244,convergence,2
1390,0.9015595562068244,convergence,2
1391,0.9015595562068244,convergence,2
1392,0.9015595562068244,convergence,2
1393,0.9015595562068244,convergence,2
1394,0.9015595562068244,convergence,2
1395,0.9015595562068244,convergence,2
1396,0.9015595562068244,convergence,2
1397,0.9015595562068244,convergence,2
1398,0.9015595562068244,convergence,2
1399,0.9015595562068244,convergence,2
1400,0.9015595562068244,convergence,2
1401,0.9015595562068244,convergence,2
1402,0.9015595562068244,convergence,2
1403,0.9015595562068244,convergence,2
1404,0.9015595562068244,convergence,2
1405,0.9015595562068244,convergence,2
1406,0.9015595562068244,convergence,2
1407,0.9015595562068244,convergence,2
1408,0.9015595562068244,convergence,2
1409,0.9015595562068244,convergence,2
1410,0.9015595562068244,convergence,2
1411,0.9015595562068244,convergence,2
1412,0.9015595562068244,convergence,2
1413,0.9015595562068244,convergence,2
1414,0.9015595562068244,convergence,2
1415,0.9015595562068244,convergence,2
1416,0.9015595562068244,convergence,2
1417,0.9015595562068244,convergence,2
1418,0.9015595562068244,convergence,2
1419,0.9015595562068244,convergence,2
1420,0.9015595562068244,convergence,2
1421,0.9015595562068244,convergence,2
1422,0.9015595562068244,convergence,2
1423,0.9015595562068244,convergence,2
1424,0.9015595562068244,convergence,2
1425,0.9015595562068244,convergence,2
1426,0.9015595562068244,convergence,2
1427,0.9015595562068244,convergence,2
1428,0.9015595562068244,convergence,2
1429,0.9015595562068244,convergence,2
1430,0.9015595562068244,convergence,2
1431,0.9015595562068244,convergence,2
1432,0.9015595562068244,convergence,2
1433,0.9015595562068244,convergence,2
1434,0.9015595562068244,convergence,2
1435,0.9180447979903705,convergence,2
1436,0.9180447979903705,convergence,2
1437,0.9180447979903705,convergence,2
1438,0.9198241574209756,convergence,2
1439,0.9198241574209756,convergence,2
1440,0.9198241574209756,convergence,2
1441,0.9198241574209756,convergence,2
1442,0.9198241574209756,convergence,2
1443,0.9198241574209756,convergence,2
1444,0.9198241574209756,convergence,2
1445,0.9198241574209756,convergence,2
1446,0.9198241574209756,convergence,2
1447,0.9198241574209756,convergence,2
1448,0.9198241574209756,convergence,2
1449,0.9198241574209756,convergence,2
1450,0.9198241574209756,convergence,2
1451,0.9198241574209756,convergence,2
1452,0.9198241574209756,convergence,2
1453,0.9198241574209756,convergence,2
1454,0.9198241574209756,convergence,2
1455,0.9198241574209756,convergence,2
1456,0.9198241574209756,convergence,2
1457,0.9198241574209756,convergence,2
1458,0.9198241574209756,convergence,2
1459,0.9198241574209756,convergence,2
1460,0.9198241574209756,convergence,2
1461,0.9198241574209756,convergence,2
1462,0.9198241574209756,convergence,2
1463,0.9198241574209756,convergence,2
1464,0.9198241574209756,convergence,2
1465,0.9198241574209756,convergence,2
1466,0.9198241574209756,convergence,2
1467,0.9198241574209756,convergence,2
1468,0.9198241574209756,convergence,2
1469,0.9198241574209756,convergence,2
1470,0.9198241574209756,convergence,2
1471,0.9198241574209756,convergence,2
1472,0.9198241574209756,convergence,2
1473,0.9198241574209756,convergence,2
1474,0.9198241574209756,convergence,2
1475,0.9198241574209756,convergence,2
1476,0.9198241574209756,convergence,2
1477,0.9198241574209756,convergence,2
1478,0.9198241574209756,convergence,2
1479,0.9198241574209756,convergence,2
1480,0.9198241574209756,convergence,2
1481,0.9198241574209756,convergence,2
1482,0.9198241574209756,convergence,2
1483,0.9198241574209756,convergence,2
1484,0.9198241574209756,convergence,2
1485,0.9198241574209756,convergence,2
1486,0.9198241574209756,convergence,2
1487,0.9198241574209756,convergence,2
1488,0.9198241574209756,convergence,2
1489,0.9198241574209756,convergence,2
1490,0.9198241574209756,convergence,2
1491,0.9198241574209756,convergence,2
1492,0.9198241574209756,convergence,2
1493,0.9198241574209756,convergence,2
1494,0.9198241574209756,convergence,2
1495,0.9198241574209756,convergence,2
1496,0.9198241574209756,convergence,2
1497,0.9198241574209756,convergence,2
1498,0.9198241574209756,convergence,2
1499,0.9198241574209756,convergence,2
1500,0.9198241574209756,convergence,2
1501,0.9198241574209756,convergence,2
1502,0.9198241574209756,convergence,2
1503,0.9198241574209756,convergence,2
1504,0.9198241574209756,convergence,2
1505,0.9198241574209756,convergence,2
1506,0.9198241574209756,convergence,2
1507,0.9198241574209756,convergence,2
1508,0.9198241574209756,convergence,2
1509,0.9198241574209756,convergence,2
1510,0.9198241574209756,convergence,2
1511,0.9198241574209756,convergence,2
1512,0.9198241574209756,convergence,2
1513,0.9198241574209756,convergence,2
1514,0.9198241574209756,convergence,2
1515,0.9198241574209756,convergence,2
1516,0.9202951643290769,convergence,2
1517,0.9202951643290769,convergence,2
1518,0.9202951643290769,convergence,2
1519,0.9202951643290769,convergence,2
1520,0.9202951643290769,convergence,2
1521,0.9202951643290769,convergence,2
1522,0.9202951643290769,convergence,2
1523,0.9202951643290769,convergence,2
1524,0.9202951643290769,convergence,2
1525,0.9202951643290769,convergence,2
1526,0.9202951643290769,convergence,2
1527,0.9202951643290769,convergence,2
1528,0.9202951643290769,convergence,2
1529,0.9202951643290769,convergence,2
1530,0.9220745237596818,convergence,2
1531,0.9220745237596818,convergence,2
1532,0.9220745237596818,convergence,2
1533,0.9220745237596818,convergence,2
1534,0.9220745237596818,convergence,2
1535,0.9220745237596818,convergence,2
1536,0.9220745237596818,convergence,2
1537,0.9220745237596818,convergence,2
1538,0.9238538831902867,convergence,2
1539,0.9238538831902867,convergence,2
1540,0.9238538831902867,convergence,2
1541,0.9238538831902867,convergence,2
1542,0.9238538831902867,convergence,2
1543,0.9238538831902867,convergence,2
1544,0.9238538831902867,convergence,2
1545,0.9238538831902867,convergence,2
1546,0.9238538831902867,convergence,2
1547,0.9238538831902867,convergence,2
1548,0.9238538831902867,convergence,2
1549,0.9238538831902867,convergence,2
1550,0.9274126020514968,convergence,2
1551,0.9274126020514968,convergence,2
1552,0.9274126020514968,convergence,2
1553,0.9274126020514968,convergence,2
1554,0.9274126020514968,convergence,2
1555,0.9274126020514968,convergence,2
1556,0.9274126020514968,convergence,2
1557,0.9274126020514968,convergence,2
1558,0.9274126020514968,convergence,2
1559,0.9274126020514968,convergence,2
1560,0.9274126020514968,convergence,2
1561,0.9274126020514968,convergence,2
1562,0.9274126020514968,convergence,2
1563,0.9274126020514968,convergence,2
1564,0.9274126020514968,convergence,2
1565,0.9274126020514968,convergence,2
1566,0.9274126020514968,convergence,2
1567,0.9274126020514968,convergence,2
1568,0.9274126020514968,convergence,2
1569,0.9274126020514968,convergence,2
1570,0.9274126020514968,convergence,2
1571,0.9274126020514968,convergence,2
1572,0.9274126020514968,convergence,2
1573,0.9274126020514968,convergence,2
1574,0.9274126020514968,convergence,2
1575,0.9274126020514968,convergence,2
1576,0.9274126020514968,convergence,2
1577,0.9274126020514968,convergence,2
1578,0.9274126020514968,convergence,2
1579,0.9274126020514968,convergence,2
1580,0.9274126020514968,convergence,2
1581,0.9274126020514968,convergence,2
1582,0.9274126020514968,convergence,2
1583,0.9274126020514968,convergence,2
1584,0.9274126020514968,convergence,2
1585,0.9274126020514968,convergence,2
1586,0.9274126020514968,convergence,2
1587,0.9274126020514968,convergence,2
1588,0.9274126020514968,convergence,2
1589,0.9274126020514968,convergence,2
1590,0.9274126020514968,convergence,2
1591,0.9274126020514968,convergence,2
1592,0.9291919614821017,convergence,2
1593,0.9291919614821017,convergence,2
1594,0.9291919614821017,convergence,2
1595,0.9291919614821017,convergence,2
1596,0.9291919614821017,convergence,2
1597,0.9291919614821017,convergence,2
1598,0.9291919614821017,convergence,2
1599,0.9291919614821017,convergence,2
1600,0.9291919614821017,convergence,2
1601,0.9291919614821017,convergence,2
1602,0.9291919614821017,convergence,2
1603,0.9291919614821017,convergence,2
1604,0.9291919614821017,convergence,2
1605,0.9291919614821017,convergence,2
1606,0.9291919614821017,convergence,2
1607,0.9291919614821017,convergence,2
1608,0.9291919614821017,convergence,2
1609,0.9291919614821017,convergence,2
1610,0.9291919614821017,convergence,2
1611,0.9291919614821017,convergence,2
1612,0.9291919614821017,convergence,2
1613,0.9291919614821017,convergence,2
1614,0.9291919614821017,convergence,2
1615,0.9291919614821017,convergence,2
1616,0.9291919614821017,convergence,2
1617,0.9291919614821017,convergence,2
1618,0.9291919614821017,convergence,2
1619,0.9291919614821017,convergence,2
1620,0.9291919614821017,convergence,2
1621,0.9291919614821017,convergence,2
1622,0.9291919614821017,convergence,2
1623,0.9291919614821017,convergence,2
1624,0.9291919614821017,convergence,2
1625,0.9291919614821017,convergence,2
1626,0.9291919614821017,convergence,2
1627,0.9291919614821017,convergence,2
1628,0.9291919614821017,convergence,2
1629,0.9291919614821017,convergence,2
1630,0.9291919614821017,convergence,2
1631,0.9291919614821017,convergence,2
1632,0.9291919614821017,convergence,2
1633,0.9291919614821017,convergence,2
1634,0.9291919614821017,convergence,2
1635,0.9291919614821017,convergence,2
1636,0.9291919614821017,convergence,2
1637,0.9291919614821017,convergence,2
1638,0.9291919614821017,convergence,2
1639,0.9291919614821017,convergence,2
1640,0.9291919614821017,convergence,2
1641,0.9291919614821017,convergence,2
1642,0.9291919614821017,convergence,2
1643,0.9291919614821017,convergence,2
1644,0.9291919614821017,convergence,2
1645,0.9291919614821017,convergence,2
1646,0.9291919614821017,convergence,2
1647,0.9291919614821017,convergence,2
1648,0.9291919614821017,convergence,2
1649,0.9291919614821017,convergence,2
1650,0.9291919614821017,convergence,2
1651,0.9291919614821017,convergence,2
1652,0.9291919614821017,convergence,2
1653,0.9291919614821017,convergence,2
1654,0.9291919614821017,convergence,2
1655,0.9291919614821017,convergence,2
1656,0.9291919614821017,convergence,2
1657,0.9291919614821017,convergence,2
1658,0.9291919614821017,convergence,2
1659,0.9291919614821017,convergence,2
1660,0.9291919614821017,convergence,2
1661,0.9291919614821017,convergence,2
1662,0.9291919614821017,convergence,2
1663,0.9291919614821017,convergence,2
1664,0.9291919614821017,convergence,2
1665,0.9291919614821017,convergence,2
1666,0.9291919614821017,convergence,2
1667,0.9291919614821017,convergence,2
1668,0.9291919614821017,convergence,2
1669,0.9291919614821017,convergence,2
1670,0.9291919614821017,convergence,2
1671,0.9291919614821017,convergence,2
1672,0.9291919614821017,convergence,2
1673,0.9291919614821017,convergence,2
1674,0.9291919614821017,convergence,2
1675,0.9291919614821017,convergence,2
1676,0.9291919614821017,convergence,2
1677,0.9291919614821017,convergence,2
1678,0.9291919614821017,convergence,2
1679,0.9291919614821017,convergence,2
1680,0.9291919614821017,convergence,2
1681,0.9291919614821017,convergence,2
1682,0.9291919614821017,convergence,2
1683,0.9291919614821017,convergence,2
1684,0.9291919614821017,convergence,2
1685,0.9291919614821017,convergence,2
1686,0.9291919614821017,convergence,2
1687,0.9291919614821017,convergence,2
1688,0.9291919614821017,convergence,2
1689,0.9291919614821017,convergence,2
1690,0.9291919614821017,convergence,2
1691,0.9291919614821017,convergence,2
1692,0.9291919614821017,convergence,2
1693,0.9291919614821017,convergence,2
1694,0.9291919614821017,convergence,2
1695,0.9291919614821017,convergence,2
1696,0.9291919614821017,convergence,2
1697,0.9291919614821017,convergence,2
1698,0.9291919614821017,convergence,2
1699,0.9291919614821017,convergence,2
1700,0.9291919614821017,convergence,2
1701,0.9291919614821017,convergence,2
1702,0.9291919614821017,convergence,2
1703,0.9291919614821017,convergence,2
1704,0.9291919614821017,convergence,2
1705,0.9291919614821017,convergence,2
1706,0.9291919614821017,convergence,2
1707,0.9291919614821017,convergence,2
1708,0.9291919614821017,convergence,2
1709,0.9291919614821017,convergence,2
1710,0.9291919614821017,convergence,2
1711,0.9291919614821017,convergence,2
1712,0.9291919614821017,convergence,2
1713,0.9291919614821017,convergence,2
1714,0.9291919614821017,convergence,2
1715,0.9291919614821017,convergence,2
1716,0.9291919614821017,convergence,2
1717,0.9291919614821017,convergence,2
1718,0.9291919614821017,convergence,2
1719,0.9291919614821017,convergence,2
1720,0.9291919614821017,convergence,2
1721,0.9291919614821017,convergence,2
1722,0.9291919614821017,convergence,2
1723,0.9291919614821017,convergence,2
1724,0.9291919614821017,convergence,2
1725,0.9291919614821017,convergence,2
1726,0.9291919614821017,convergence,2
1727,0.9291919614821017,convergence,2
1728,0.9291919614821017,convergence,2
1729,0.9291919614821017,convergence,2
1730,0.9291919614821017,convergence,2
1731,0.9291919614821017,convergence,2
1732,0.9291919614821017,convergence,2
1733,0.9291919614821017,convergence,2
1734,0.9291919614821017,convergence,2
1735,0.9291919614821017,convergence,2
1736,0.9291919614821017,convergence,2
1737,0.9291919614821017,convergence,2
1738,0.9291919614821017,convergence,2
1739,0.9291919614821017,convergence,2
1740,0.9291919614821017,convergence,2
1741,0.9291919614821017,convergence,2
1742,0.9291919614821017,convergence,2
1743,0.9291919614821017,convergence,2
1744,0.9291919614821017,convergence,2
1745,0.9291919614821017,convergence,2
1746,0.9291919614821017,convergence,2
1747,0.9291919614821017,convergence,2
1748,0.9291919614821017,convergence,2
1749,0.9291919614821017,convergence,2
1750,0.9291919614821017,convergence,2
1751,0.9291919614821017,convergence,2
1752,0.9291919614821017,convergence,2
1753,0.9291919614821017,convergence,2
1754,0.9291919614821017,convergence,2
1755,0.9291919614821017,convergence,2
1756,0.9291919614821017,convergence,2
1757,0.9291919614821017,convergence,2
1758,0.9291919614821017,convergence,2
1759,0.9291919614821017,convergence,2
1760,0.9291919614821017,convergence,2
1761,0.9291919614821017,convergence,2
1762,0.9291919614821017,convergence,2
1763,0.9291919614821017,convergence,2
1764,0.9291919614821017,convergence,2
1765,0.9291919614821017,convergence,2
1766,0.9291919614821017,convergence,2
1767,0.9291919614821017,convergence,2
1768,0.9291919614821017,convergence,2
1769,0.9291919614821017,convergence,2
1770,0.9291919614821017,convergence,2
1771,0.9291919614821017,convergence,2
1772,0.9291919614821017,convergence,2
1773,0.9291919614821017,convergence,2
1774,0.9291919614821017,convergence,2
1775,0.9291919614821017,convergence,2
1776,0.9291919614821017,convergence,2
1777,0.9291919614821017,convergence,2
1778,0.9291919614821017,convergence,2
1779,0.9291919614821017,convergence,2
1780,0.9291919614821017,convergence,2
1781,0.9291919614821017,convergence,2
1782,0.9291919614821017,convergence,2
1783,0.9291919614821017,convergence,2
1784,0.9291919614821017,convergence,2
1785,0.9291919614821017,convergence,2
1786,0.9291919614821017,convergence,2
1787,0.9291919614821017,convergence,2
1788,0.9291919614821017,convergence,2
1789,0.9291919614821017,convergence,2
1790,0.9291919614821017,convergence,2
1791,0.9291919614821017,convergence,2
1792,0.9291919614821017,convergence,2
1793,0.9291919614821017,convergence,2
1794,0.9291919614821017,convergence,2
1795,0.9291919614821017,convergence,2
1796,0.9291919614821017,convergence,2
1797,0.9291919614821017,convergence,2
1798,0.9291919614821017,convergence,2
1799,0.9291919614821017,convergence,2
1800,0.9291919614821017,convergence,2
1801,0.9291919614821017,convergence,2
1802,0.9291919614821017,convergence,2
1803,0.9291919614821017,convergence,2
1804,0.9291919614821017,convergence,2
1805,0.9291919614821017,convergence,2
1806,0.9291919614821017,convergence,2
1807,0.9291919614821017,convergence,2
1808,0.9291919614821017,convergence,2
1809,0.9291919614821017,convergence,2
1810,0.9291919614821017,convergence,2
1811,0.9291919614821017,convergence,2
1812,0.9291919614821017,convergence,2
1813,0.9291919614821017,convergence,2
1814,0.9291919614821017,convergence,2
1815,0.9291919614821017,convergence,2
1816,0.9291919614821017,convergence,2
1817,0.9291919614821017,convergence,2
1818,0.9291919614821017,convergence,2
1819,0.9291919614821017,convergence,2
1820,0.9291919614821017,convergence,2
1821,0.9291919614821017,convergence,2
1822,0.9291919614821017,convergence,2
1823,0.9291919614821017,convergence,2
1824,0.9291919614821017,convergence,2
1825,0.9291919614821017,convergence,2
1826,0.9291919614821017,convergence,2
1827,0.9291919614821017,convergence,2
1828,0.9291919614821017,convergence,2
1829,0.9291919614821017,convergence,2
1830,0.9291919614821017,convergence,2
1831,0.9291919614821017,convergence,2
1832,0.9291919614821017,convergence,2
1833,0.9291919614821017,convergence,2
1834,0.9291919614821017,convergence,2
1835,0.9291919614821017,convergence,2
1836,0.9291919614821017,convergence,2
1837,0.9291919614821017,convergence,2
1838,0.9291919614821017,convergence,2
1839,0.9291919614821017,convergence,2
1840,0.9291919614821017,convergence,2
1841,0.9291919614821017,convergence,2
1842,0.9291919614821017,convergence,2
1843,0.9291919614821017,convergence,2
1844,0.9291919614821017,convergence,2
1845,0.9291919614821017,convergence,2
1846,0.9291919614821017,convergence,2
1847,0.9291919614821017,convergence,2
1848,0.9291919614821017,convergence,2
1849,0.9291919614821017,convergence,2
1850,0.9291919614821017,convergence,2
1851,0.9291919614821017,convergence,2
1852,0.9291919614821017,convergence,2
1853,0.9291919614821017,convergence,2
1854,0.9291919614821017,convergence,2
1855,0.9291919614821017,convergence,2
1856,0.9291919614821017,convergence,2
1857,0.9291919614821017,convergence,2
1858,0.9291919614821017,convergence,2
1859,0.9291919614821017,convergence,2
1860,0.9291919614821017,convergence,2
1861,0.9291919614821017,convergence,2
1862,0.9291919614821017,convergence,2
1863,0.9291919614821017,convergence,2
1864,0.9291919614821017,convergence,2
1865,0.9291919614821017,convergence,2
1866,0.9291919614821017,convergence,2
1867,0.9291919614821017,convergence,2
1868,0.9291919614821017,convergence,2
1869,0.9291919614821017,convergence,2
1870,0.9291919614821017,convergence,2
1871,0.9291919614821017,convergence,2
1872,0.9291919614821017,convergence,2
1873,0.9291919614821017,convergence,2
1874,0.9291919614821017,convergence,2
1875,0.9291919614821017,convergence,2
1876,0.9291919614821017,convergence,2
1877,0.9291919614821017,convergence,2
1878,0.9291919614821017,convergence,2
1879,0.9291919614821017,convergence,2
1880,0.9291919614821017,convergence,2
1881,0.9291919614821017,convergence,2
1882,0.9291919614821017,convergence,2
1883,0.9291919614821017,convergence,2
1884,0.9291919614821017,convergence,2
1885,0.9291919614821017,convergence,2
1886,0.9291919614821017,convergence,2
1887,0.9291919614821017,convergence,2
1888,0.9291919614821017,convergence,2
1889,0.9291919614821017,convergence,2
1890,0.9291919614821017,convergence,2
1891,0.9291919614821017,convergence,2
1892,0.9291919614821017,convergence,2
1893,0.9291919614821017,convergence,2
1894,0.9291919614821017,convergence,2
1895,0.9291919614821017,convergence,2
1896,0.9291919614821017,convergence,2
1897,0.9291919614821017,convergence,2
1898,0.9291919614821017,convergence,2
1899,0.9291919614821017,convergence,2
1900,0.9291919614821017,convergence,2
1901,0.9291919614821017,convergence,2
1902,0.9291919614821017,convergence,2
1903,0.9291919614821017,convergence,2
1904,0.9291919614821017,convergence,2
1905,0.9291919614821017,convergence,2
1906,0.9291919614821017,convergence,2
1907,0.9291919614821017,convergence,2
1908,0.9291919614821017,convergence,2
1909,0.9291919614821017,convergence,2
1910,0.9291919614821017,convergence,2
1911,0.9291919614821017,convergence,2
1912,0.9291919614821017,convergence,2
1913,0.9291919614821017,convergence,2
1914,0.9291919614821017,convergence,2
1915,0.9291919614821017,convergence,2
1916,0.9291919614821017,convergence,2
1917,0.9291919614821017,convergence,2
1918,0.9291919614821017,convergence,2
1919,0.9291919614821017,convergence,2
1920,0.9291919614821017,convergence,2
1921,0.9291919614821017,convergence,2
1922,0.9291919614821017,convergence,2
1923,0.9291919614821017,convergence,2
1924,0.9291919614821017,convergence,2
1925,0.9291919614821017,convergence,2
1926,0.9291919614821017,convergence,2
1927,0.9291919614821017,convergence,2
1928,0.9291919614821017,convergence,2
1929,0.9291919614821017,convergence,2
1930,0.9291919614821017,convergence,2
1931,0.9291919614821017,convergence,2
1932,0.9291919614821017,convergence,2
1933,0.9291919614821017,convergence,2
1934,0.9291919614821017,convergence,2
1935,0.9291919614821017,convergence,2
1936,0.9291919614821017,convergence,2
1937,0.9291919614821017,convergence,2
1938,0.9291919614821017,convergence,2
1939,0.9291919614821017,convergence,2
1940,0.9291919614821017,convergence,2
1941,0.9291919614821017,convergence,2
1942,0.9291919614821017,convergence,2
1943,0.9291919614821017,convergence,2
1944,0.9291919614821017,convergence,2
1945,0.9291919614821017,convergence,2
1946,0.9291919614821017,convergence,2
1947,0.9291919614821017,convergence,2
1948,0.9291919614821017,convergence,2
1949,0.9291919614821017,convergence,2
1950,0.9291919614821017,convergence,2
1951,0.9291919614821017,convergence,2
1952,0.9291919614821017,convergence,2
1953,0.9291919614821017,convergence,2
1954,0.9291919614821017,convergence,2
1955,0.9291919614821017,convergence,2
1956,0.9291919614821017,convergence,2
1957,0.9291919614821017,convergence,2
1958,0.9291919614821017,convergence,2
1959,0.9291919614821017,convergence,2
1960,0.9291919614821017,convergence,2
1961,0.9291919614821017,convergence,2
1962,0.9291919614821017,convergence,2
1963,0.9291919614821017,convergence,2
1964,0.9291919614821017,convergence,2
1965,0.9291919614821017,convergence,2
1966,0.9291919614821017,convergence,2
1967,0.9291919614821017,convergence,2
1968,0.9291919614821017,convergence,2
1969,0.9291919614821017,convergence,2
1970,0.9291919614821017,convergence,2
1971,0.9291919614821017,convergence,2
1972,0.9291919614821017,convergence,2
1973,0.9291919614821017,convergence,2
1974,0.9291919614821017,convergence,2
1975,0.9291919614821017,convergence,2
1976,0.9291919614821017,convergence,2
1977,0.9291919614821017,convergence,2
1978,0.9291919614821017,convergence,2
1979,0.9291919614821017,convergence,2
1980,0.9291919614821017,convergence,2
1981,0.9291919614821017,convergence,2
1982,0.9291919614821017,convergence,2
1983,0.9291919614821017,convergence,2
1984,0.9291919614821017,convergence,2
1985,0.9291919614821017,convergence,2
1986,0.9291919614821017,convergence,2
1987,0.9291919614821017,convergence,2
1988,0.9291919614821017,convergence,2
1989,0.9291919614821017,convergence,2
1990,0.9291919614821017,convergence,2
1991,0.9291919614821017,convergence,2
1992,0.9291919614821017,convergence,2
1993,0.9291919614821017,convergence,2
1994,0.9291919614821017,convergence,2
1995,0.9291919614821017,convergence,2
1996,0.9291919614821017,convergence,2
1997,0.9291919614821017,convergence,2
1998,0.9291919614821017,convergence,2
1999,0.9291919614821017,convergence,2
2000,0.9291919614821017,convergence,2
2001,0.9291919614821017,convergence,2
2002,0.9291919614821017,convergence,2
2003,0.9291919614821017,convergence,2
2004,0.9291919614821017,convergence,2
2005,0.9291919614821017,convergence,2
2006,0.9291919614821017,convergence,2
2007,0.9291919614821017,convergence,2
2008,0.9291919614821017,convergence,2
2009,0.9291919614821017,convergence,2
2010,0.9291919614821017,convergence,2
2011,0.9291919614821017,convergence,2
2012,0.9291919614821017,convergence,2
2013,0.9291919614821017,convergence,2
2014,0.9291919614821017,convergence,2
2015,0.9291919614821017,convergence,2
2016,0.9291919614821017,convergence,2
2017,0.9291919614821017,convergence,2
2018,0.9291919614821017,convergence,2
2019,0.9291919614821017,convergence,2
2020,0.9291919614821017,convergence,2
2021,0.9291919614821017,convergence,2
2022,0.9291919614821017,convergence,2
2023,0.9291919614821017,convergence,2
2024,0.9291919614821017,convergence,2
2025,0.9291919614821017,convergence,2
2026,0.9291919614821017,convergence,2
2027,0.9291919614821017,convergence,2
2028,0.9291919614821017,convergence,2
2029,0.9291919614821017,convergence,2
2030,0.9291919614821017,convergence,2
2031,0.9291919614821017,convergence,2
2032,0.9291919614821017,convergence,2
2033,0.9291919614821017,convergence,2
2034,0.9291919614821017,convergence,2
2035,0.9291919614821017,convergence,2
2036,0.9291919614821017,convergence,2
2037,0.9291919614821017,convergence,2
2038,0.9291919614821017,convergence,2
2039,0.9291919614821017,convergence,2
2040,0.9291919614821017,convergence,2
2041,0.9291919614821017,convergence,2
2042,0.9291919614821017,convergence,2
2043,0.9291919614821017,convergence,2
2044,0.9291919614821017,convergence,2
2045,0.9291919614821017,convergence,2
2046,0.9291919614821017,convergence,2
2047,0.9291919614821017,convergence,2
2048,0.9291919614821017,convergence,2
2049,0.9291919614821017,convergence,2
2050,0.9291919614821017,convergence,2
2051,0.9291919614821017,convergence,2
2052,0.9291919614821017,convergence,2
2053,0.9291919614821017,convergence,2
2054,0.9291919614821017,convergence,2
2055,0.9291919614821017,convergence,2
2056,0.9291919614821017,convergence,2
2057,0.9291919614821017,convergence,2
2058,0.9291919614821017,convergence,2
2059,0.9291919614821017,convergence,2
2060,0.9291919614821017,convergence,2
2061,0.9291919614821017,convergence,2
2062,0.9291919614821017,convergence,2
2063,0.9291919614821017,convergence,2
2064,0.9291919614821017,convergence,2
2065,0.9291919614821017,convergence,2
2066,0.9291919614821017,convergence,2
2067,0.9291919614821017,convergence,2
2068,0.9291919614821017,convergence,2
2069,0.9291919614821017,convergence,2
2070,0.9291919614821017,convergence,2
2071,0.9291919614821017,convergence,2
2072,0.9291919614821017,convergence,2
2073,0.9291919614821017,convergence,2
2074,0.9291919614821017,convergence,2
2075,0.9291919614821017,convergence,2
2076,0.9291919614821017,convergence,2
2077,0.9291919614821017,convergence,2
2078,0.9291919614821017,convergence,2
2079,0.9291919614821017,convergence,2
2080,0.9291919614821017,convergence,2
2081,0.9291919614821017,convergence,2
2082,0.9291919614821017,convergence,2
2083,0.9291919614821017,convergence,2
2084,0.9291919614821017,convergence,2
2085,0.9291919614821017,convergence,2
2086,0.9291919614821017,convergence,2
2087,0.9291919614821017,convergence,2
2088,0.9291919614821017,convergence,2
2089,0.9291919614821017,convergence,2
2090,0.9291919614821017,convergence,2
2091,0.9291919614821017,convergence,2
2092,0.9291919614821017,convergence,2
2093,0.9291919614821017,convergence,2
2094,0.9291919614821017,convergence,2
2095,0.9291919614821017,convergence,2
2096,0.9291919614821017,convergence,2
2097,0.9291919614821017,convergence,2
2098,0.9291919614821017,convergence,2
2099,0.9291919614821017,convergence,2
2100,0.9291919614821017,convergence,2
2101,0.9291919614821017,convergence,2
2102,0.9291919614821017,convergence,2
2103,0.9291919614821017,convergence,2
2104,0.9291919614821017,convergence,2
2105,0.9291919614821017,convergence,2
2106,0.9291919614821017,convergence,2
2107,0.9291919614821017,convergence,2
2108,0.9291919614821017,convergence,2
2109,0.9291919614821017,convergence,2
2110,0.9291919614821017,convergence,2
2111,0.9291919614821017,convergence,2
2112,0.9291919614821017,convergence,2
2113,0.9291919614821017,convergence,2
2114,0.9291919614821017,convergence,2
2115,0.9291919614821017,convergence,2
2116,0.9291919614821017,convergence,2
2117,0.9291919614821017,convergence,2
2118,0.9291919614821017,convergence,2
2119,0.9291919614821017,convergence,2
2120,0.9291919614821017,convergence,2
2121,0.9291919614821017,convergence,2
2122,0.9291919614821017,convergence,2
2123,0.9291919614821017,convergence,2
2124,0.9291919614821017,convergence,2
2125,0.9291919614821017,convergence,2
2126,0.9291919614821017,convergence,2
2127,0.9291919614821017,convergence,2
2128,0.9291919614821017,convergence,2
2129,0.9291919614821017,convergence,2
2130,0.9291919614821017,convergence,2
2131,0.9291919614821017,convergence,2
2132,0.9291919614821017,convergence,2
2133,0.9291919614821017,convergence,2
2134,0.9291919614821017,convergence,2
2135,0.9291919614821017,convergence,2
2136,0.9291919614821017,convergence,2
2137,0.9291919614821017,convergence,2
2138,0.9291919614821017,convergence,2
2139,0.9291919614821017,convergence,2
2140,0.9291919614821017,convergence,2
2141,0.9291919614821017,convergence,2
2142,0.9291919614821017,convergence,2
2143,0.9291919614821017,convergence,2
2144,0.9291919614821017,convergence,2
2145,0.9291919614821017,convergence,2
2146,0.9291919614821017,convergence,2
2147,0.9291919614821017,convergence,2
2148,0.9291919614821017,convergence,2
2149,0.9291919614821017,convergence,2
2150,0.9291919614821017,convergence,2
2151,0.9291919614821017,convergence,2
2152,0.9291919614821017,convergence,2
2153,0.9291919614821017,convergence,2
2154,0.9291919614821017,convergence,2
2155,0.9291919614821017,convergence,2
2156,0.9291919614821017,convergence,2
2157,0.9291919614821017,convergence,2
2158,0.9291919614821017,convergence,2
2159,0.9291919614821017,convergence,2
2160,0.9291919614821017,convergence,2
2161,0.9291919614821017,convergence,2
2162,0.9291919614821017,convergence,2
2163,0.9291919614821017,convergence,2
2164,0.9291919614821017,convergence,2
2165,0.9291919614821017,convergence,2
2166,0.9291919614821017,convergence,2
2167,0.9291919614821017,convergence,2
2168,0.9291919614821017,convergence,2
2169,0.9291919614821017,convergence,2
2170,0.9291919614821017,convergence,2
2171,0.9291919614821017,convergence,2
2172,0.9291919614821017,convergence,2
2173,0.9291919614821017,convergence,2
2174,0.9291919614821017,convergence,2
2175,0.9291919614821017,convergence,2
2176,0.9291919614821017,convergence,2
2177,0.9291919614821017,convergence,2
2178,0.9291919614821017,convergence,2
2179,0.9291919614821017,convergence,2
2180,0.9291919614821017,convergence,2
2181,0.9291919614821017,convergence,2
2182,0.9291919614821017,convergence,2
2183,0.9291919614821017,convergence,2
2184,0.9291919614821017,convergence,2
2185,0.9291919614821017,convergence,2
2186,0.9291919614821017,convergence,2
2187,0.9291919614821017,convergence,2
2188,0.9291919614821017,convergence,2
2189,0.9291919614821017,convergence,2
2190,0.9291919614821017,convergence,2
2191,0.9291919614821017,convergence,2
2192,0.9291919614821017,convergence,2
2193,0.9291919614821017,convergence,2
2194,0.9291919614821017,convergence,2
2195,0.9291919614821017,convergence,2
2196,0.9291919614821017,convergence,2
2197,0.9291919614821017,convergence,2
2198,0.9291919614821017,convergence,2
2199,0.9291919614821017,convergence,2
2200,0.9291919614821017,convergence,2
2201,0.9291919614821017,convergence,2
2202,0.9291919614821017,convergence,2
2203,0.9291919614821017,convergence,2
2204,0.9291919614821017,convergence,2
2205,0.9291919614821017,convergence,2
2206,0.9291919614821017,convergence,2
2207,0.9291919614821017,convergence,2
2208,0.9291919614821017,convergence,2
2209,0.9291919614821017,convergence,2
2210,0.9291919614821017,convergence,2
2211,0.9291919614821017,convergence,2
2212,0.9291919614821017,convergence,2
2213,0.9291919614821017,convergence,2
2214,0.9291919614821017,convergence,2
2215,0.9291919614821017,convergence,2
2216,0.9291919614821017,convergence,2
2217,0.9291919614821017,convergence,2
2218,0.9291919614821017,convergence,2
2219,0.9291919614821017,convergence,2
2220,0.9291919614821017,convergence,2
2221,0.9291919614821017,convergence,2
2222,0.9291919614821017,convergence,2
2223,0.9291919614821017,convergence,2
2224,0.9291919614821017,convergence,2
2225,0.9291919614821017,convergence,2
2226,0.9291919614821017,convergence,2
2227,0.9291919614821017,convergence,2
2228,0.9291919614821017,convergence,2
2229,0.9291919614821017,convergence,2
2230,0.9291919614821017,convergence,2
2231,0.9291919614821017,convergence,2
2232,0.9291919614821017,convergence,2
2233,0.9291919614821017,convergence,2
2234,0.9291919614821017,convergence,2
2235,0.9291919614821017,convergence,2
2236,0.9291919614821017,convergence,2
2237,0.9291919614821017,convergence,2
2238,0.9291919614821017,convergence,2
2239,0.9291919614821017,convergence,2
2240,0.9291919614821017,convergence,2
2241,0.9291919614821017,convergence,2
2242,0.9291919614821017,convergence,2
2243,0.9291919614821017,convergence,2
2244,0.9291919614821017,convergence,2
2245,0.9291919614821017,convergence,2
2246,0.9291919614821017,convergence,2
2247,0.9291919614821017,convergence,2
2248,0.9291919614821017,convergence,2
2249,0.9291919614821017,convergence,2
2250,0.9291919614821017,convergence,2
2251,0.9291919614821017,convergence,2
2252,0.9291919614821017,convergence,2
2253,0.9291919614821017,convergence,2
2254,0.9291919614821017,convergence,2
2255,0.9291919614821017,convergence,2
2256,0.9291919614821017,convergence,2
2257,0.9291919614821017,convergence,2
2258,0.9291919614821017,convergence,2
2259,0.9291919614821017,convergence,2
2260,0.9291919614821017,convergence,2
2261,0.9291919614821017,convergence,2
2262,0.9291919614821017,convergence,2
2263,0.9327506803433117,convergence,2
2264,0.9327506803433117,convergence,2
2265,0.9327506803433117,convergence,2
2266,0.9327506803433117,convergence,2
2267,0.9327506803433117,convergence,2
2268,0.9345300397739167,convergence,2
2269,0.9345300397739167,convergence,2
2270,0.9345300397739167,convergence,2
2271,0.9345300397739167,convergence,2
2272,0.9345300397739167,convergence,2
2273,0.9345300397739167,convergence,2
